7,85,54,11,60,8,21,3,66,51,19,64,22,89,93,9,18,3,47,13,0,39
64,33,95,55,83,50,11,7,58,96,62,69,9,70,91,12,88,94,84,52,17,73,46,26,44,49,26
1,17,19,17,2,66,73,85,17,84,93,27,32,7,96,41,77,39,6,65,86,90,17,55,15,15,33
16,59,17,70,28,88,87,31,54,12,68,23,48,13,50,81,20,99,74,97,90,80,14,76,70,84,31
51,65,97,20,76,66,90,5,6,29,88,13,94,56,36,42,70,87,75,90,86,50,40,28
6,5,53,42,88,43,94,5,40,66,82,59,56,39,65,37,27,78,83,83,15,26,5,54
96,92,3,88,20,86,46,77,91,89,66,34,35,71,26,1,5,85,9,96,51,46,23,81,30,59,48
64,2,61,12,46,17,52,67,3,99,44,94,88,62,80,23,86,6,24,43,92,33,40,95,31,63
13,74,25,73,39,79,35,3,26,52,56,45,7,55,41,53,95,4,33,18,42,39,94,85,83,79
78,10,41,7,76,15,84,49,6,63,36,62,41,88,70,86,95,25,28,48,72,84,33,42,26
36,11,8,15,89,39,77,82,98,5,49,82,55,8,97,43,70,39,32,40,25,79,17,5,80,89,89
31,15,90,19,79,51,86,68,90,15,50,88,21,99,22,28,7,19,71,29,10,55,69,88,87,38,93
27,83,84,10,50,75,29,29,26,15,97,68,31,99,8,4,51,30,32,10,1,55,40,12,63,61,0
0,45,69,79,28,53,90,79,80,19,60,6,87,10,74,70,9,82,74,12,64,58,23,66
15,30,28,76,82,78,28,27,99,8,8,53,50,39,33,21,99,92,8,9,18,78,71
4,83,17,14,58,83,80,73,65,8,2,47,39,30,27,90,90,87,43,40,26,29,62,25,73,22,87
1,58,44,57,41,62,72,0,45,4,25,63,64,27,62,55,10,89,46,0,76,41,41,54,70,55,80
77,19,87,30,77,31,88,70,93,12,70,91,68,48,54,32,75,16,88,37,58,34,38
75,31,41,98,86,73,93,63,92,32,94,69,16,82,39,9,46,62,52,14,62,6,46,89,75,86
85,72,65,71,0,96,64,98,34,89,43,97,81,28,91,2,44,25,94,5,71,8,58
70,16,36,59,91,22,86,28,95,3,52,47,51,16,45,85,6,40,83,39,20,26,42,64,52,88,70
96,28,13,18,96,49,77,40,23,16,68,70,71,20,17,75,89,14,12,47,7,47,86,27,74
44,78,68,66,53,16,46,18,34,42,19,64,82,43,32,51,65,55,23,83,30,12
95,59,56,42,98,36,16,78,80,46,99,46,0,67,92,70,54,34,90,18,17,85,2,20,50
43,85,92,56,35,87,67,43,29,65,79,98,44,59,44,95,57,96,62,49,67,16,36,9,86
94,40,25,96,50,68,34,94,76,21,81,44,64,62,61,96,60,5,7,57,52,65,53
66,20,83,54,81,22,59,27,62,36,24,64,5,10,10,33,31,91,29,47,6,91,95,66,48,3,23
20,77,68,38,49,3,93,31,25,52,10,40,89,34,56,46,96,67,31,27,10,61,27,16,4
83,4,77,58,57,97,87,77,36,89,81,29,72,58,33,82,50,22,69,7,20,65
52,45,36,65,24,53,21,46,88,25,24,98,83,73,86,60,9,27,93,90,99,52,24,33
98,2,61,71,20,87,75,65,24,40,89,29,61,87,69,38,63,67,21,37,5,82,98,32,27,41
79,17,69,34,67,71,47,90,43,35,65,8,11,57,49,92,70,89,61,9,4,28,30,93,86
44,70,92,85,54,23,54,23,9,21,46,57,12,90,44,29,50,7,87,52,99,9,41,12,18,97
1,91,78,17,35,49,61,20,55,85,26,78,94,47,76,51,11,66,47,41,69,54,80,21
89,14,65,60,11,58,61,2,88,78,89,37,92,61,92,77,87,22,23,87,51,27,98
74,91,38,29,23,11,34,13,25,52,73,89,62,86,43,50,16,33,40,8,94,84,37
59,61,21,10,88,19,79,14,63,18,43,86,29,30,51,7,82,76,96,96,62,39,46,31,24,38
71,23,77,5,82,90,26,44,78,97,23,92,60,93,88,47,23,18,98,82,52,75,78,48,89
46,20,46,85,12,17,60,41,22,94,31,48,38,61,45,61,53,58,7,93,57,30,63
12,67,34,42,67,24,63,14,96,9,51,8,78,63,49,0,57,32,0,47,93,98,60
56,67,92,13,49,8,20,13,75,55,55,43,31,71,9,27,80,12,88,11,75,89,11,84,22,64,31
62,91,66,70,11,11,83,60,19,55,74,46,62,29,41,93,52,2,73,85,14,13,96
2,7,73,76,71,56,92,85,0,10,55,11,21,90,71,40,46,45,39,8,27,80,54
35,79,64,49,92,12,91,94,20,16,71,43,73,15,81,73,77,36,84,99,27,55,91,25,53
85,80,63,91,11,98,70,28,99,14,40,90,9,12,7,32,8,80,99,89,5,76
89,75,56,96,19,81,49,1,19,81,64,10,45,14,33,73,14,47,13,4,8,78,63
86,43,91,27,48,20,4,89,47,61,86,66,94,87,68,13,21,84,76,66,51,9,91,17
56,21,17,34,85,9,20,80,53,99,81,73,4,70,72,17,8,39,11,48,59,77,69,95
87,46,14,30,63,22,86,37,39,73,74,49,45,6,2,45,87,27,49,10,99,66,18
77,66,49,6,87,97,59,26,95,25,56,59,48,95,48,87,68,22,88,13,80,42,58,68
59,78,69,25,48,11,55,15,13,61,54,10,73,33,5,98,41,16,46,36,64,86,56,38,74
19,17,80,39,38,40,17,59,65,65,71,72,32,84,34,39,46,59,24,3,57,65
56,54,36,42,10,27,68,32,46,37,13,37,76,53,6,35,70,23,58,43,8,94,29,99
88,23,96,97,88,16,53,94,4,47,5,31,16,37,29,53,2,66,29,55,72,17,78,96
21,56,22,2,55,66,42,78,62,39,18,78,45,13,35,92,70,66,8,59,96,14,62,62,43
87,12,99,35,92,20,91,66,74,46,32,16,76,95,8,94,25,53,59,60,45,81,27,6,41
20,55,89,63,76,76,28,76,63,20,48,6,38,23,4,70,91,80,65,99,27,91,52
3,98,20,30,4,13,5,76,20,95,39,96,23,19,24,39,91,73,45,29,48,50,0,39
17,91,61,60,43,0,64,93,72,46,49,85,4,25,5,51,17,53,74,88,78,13
51,11,61,51,13,13,42,95,83,33,9,43,77,9,7,22,33,6,72,18,10,49
61,18,28,87,7,58,53,39,61,64,0,12,77,66,55,24,49,88,85,92,17,94,52,92,79,58,16
20,65,24,81,84,5,68,91,63,73,82,25,37,82,89,66,48,96,43,49,37,28,42,6,75,46,98
4,14,4,76,80,80,57,16,85,77,59,49,3,41,26,40,23,15,59,24,64,54,73,1
67,7,9,13,6,16,69,20,72,45,52,52,54,68,38,84,79,39,87,20,65,79,96,32
72,96,44,97,97,79,65,57,40,30,63,56,0,35,28,97,40,81,4,60,71,88
10,27,60,75,6,8,59,49,80,56,93,78,5,24,43,14,65,73,29,73,25,65,2,75,5,35
65,6,19,57,16,46,18,43,4,78,2,53,59,10,99,37,68,23,80,82,40,5,12,14,83,29,68
86,55,89,3,13,8,61,81,6,31,24,10,9,78,16,68,41,15,5,9,90,37,43,83
55,49,30,84,17,88,70,24,29,74,37,37,87,18,43,18,94,5,27,24,21,48,65
5,26,31,95,70,66,90,25,15,20,62,84,60,84,8,41,10,97,78,97,67,73,67,61,78,47
52,47,3,92,52,29,75,47,99,41,89,77,56,61,91,40,21,27,0,14,38,97,92,87,64,17,7
48,54,15,52,1,70,44,5,99,72,53,51,13,42,80,22,4,71,62,77,98,15,92
12,36,76,29,54,35,6,54,89,73,6,42,43,2,47,95,74,52,46,88,95,78,10,51
24,80,99,91,72,88,56,61,16,85,67,51,43,21,92,17,79,86,12,81,33,7,56
5,96,85,83,58,36,84,34,16,84,26,41,24,82,2,40,19,21,43,62,94,35,31,73,21,44
6,3,62,44,61,58,29,44,68,17,29,3,86,65,81,27,89,15,81,81,34,54,24,96
59,80,21,32,76,27,38,79,90,35,40,0,16,37,69,34,18,24,72,83,5,99,24,72,32,5
86,29,54,34,40,34,7,72,10,34,62,42,24,49,82,77,66,71,46,52,89,22
24,79,75,48,51,59,5,9,97,34,63,31,74,50,90,98,60,24,13,54,1,62,89,78,80,60
84,2,50,60,26,29,87,27,32,46,84,41,43,19,4,26,45,6,16,96,19,93
73,46,71,62,24,4,75,52,88,77,2,49,55,83,88,34,15,35,19,56,30,90,12
87,19,77,83,90,70,92,63,16,16,26,92,20,1,96,60,30,98,61,85,33,50,72
37,91,56,67,81,21,76,68,92,6,4,82,76,48,45,45,64,23,89,36,76,86,49,58,36,10
22,12,68,70,49,59,79,17,92,52,45,12,44,3,16,26,32,65,23,77,81,99,18,18,75,56
34,45,29,30,67,42,98,89,91,9,20,60,1,72,58,65,16,61,82,94,93,99,70,22,80,69,41
96,49,69,82,94,99,64,13,93,14,3,84,23,75,97,76,48,55,42,16,68,76
14,75,33,36,55,54,29,58,2,79,27,37,25,26,1,39,19,16,94,56,91,21,53
69,60,62,38,80,90,1,94,65,86,31,72,92,12,30,94,43,10,31,69,36,85,60,8,1,6
44,27,21,64,49,33,78,39,13,68,40,8,85,78,91,58,70,3,40,16,47,50,0,68,39,85
99,38,86,67,34,65,88,99,66,21,77,5,86,98,97,46,83,27,89,41,49,45,34,66
36,18,12,75,55,92,26,93,30,93,79,47,81,78,66,54,8,71,93,6,21,39
48,29,83,98,74,17,16,18,53,34,82,81,89,26,7,34,8,1,13,7,34,44,73,89,52,45,82
66,73,99,66,2,82,64,28,99,80,98,53,66,32,34,7,58,93,41,18,94,7,26,29,51,99
55,96,4,13,14,77,12,81,32,47,45,60,46,78,11,51,44,43,37,52,54,31,45,72
4,98,6,55,50,28,10,46,32,75,61,10,40,94,42,87,39,54,85,69,65,37,66
26,70,15,57,15,87,35,72,38,93,27,40,22,90,86,54,17,99,16,9,93,10,48
17,34,6,34,23,72,95,49,42,10,7,10,50,94,82,40,87,9,80,9,51,18,16,21,70,84,30
95,31,0,64,17,7,98,40,79,94,41,74,56,48,84,6,94,66,46,82,27,78,43
97,59,52,67,96,34,82,91,65,35,7,82,94,5,74,25,51,16,99,8,16,83,66
49,13,45,29,43,88,60,40,0,12,59,96,46,42,39,64,29,46,98,23,3,73,48
41,0,63,57,83,81,20,85,46,65,14,90,54,74,30,6,38,90,2,36,84,93,0,13,39,51,88
76,88,49,17,88,64,74,24,46,95,9,92,12,75,82,66,1,65,24,91,7,26,27,91
80,56,10,31,96,5,7,84,6,76,73,71,50,49,69,97,10,61,10,85,96,28,38,61,53,29,20
8,11,3,88,19,65,71,15,70,30,51,29,6,76,0,9,25,21,58,35,82,68,72,30,49,62,43
91,63,85,52,74,88,92,45,54,16,12,76,46,16,5,5,92,57,66,70,78,24,5,13,45,30
46,92,39,0,84,2,85,88,29,26,80,74,32,96,39,60,95,55,66,0,47,75,18,17,6
75,71,39,5,66,85,97,5,85,33,8,23,21,37,49,2,63,33,50,2,93,45,9,11,97,9
15,26,45,10,53,68,49,58,86,35,8,92,72,41,52,47,15,41,48,17,56,81,19
75,65,20,38,62,29,77,30,8,22,40,13,42,89,24,29,76,32,73,1,73,25,48,40,18
57,74,30,29,37,57,94,58,96,8,39,73,38,99,48,78,13,90,20,37,19,96,69
49,94,69,50,35,87,47,44,14,29,73,51,87,19,61,83,28,1,56,18,52,4
65,95,17,54,66,65,23,11,67,70,80,17,57,20,16,53,86,45,27,37,32,98,99
78,52,24,97,4,80,94,22,75,63,76,94,80,52,5,99,22,37,16,79,9,32,32,95,30,11,33
62,84,30,40,88,6,37,44,86,83,66,62,98,43,8,79,95,65,78,69,2,47
64,31,32,59,61,96,44,24,58,80,6,50,68,12,88,13,98,23,31,12,22,74
1,21,37,31,90,92,30,90,56,62,23,15,23,71,12,99,81,92,5,31,13,17,71,26,68,95
80,17,84,53,70,5,90,53,96,82,84,86,90,46,61,58,21,84,70,21,65,62,26,49,27,96,72
64,19,63,44,88,99,49,58,56,40,64,4,74,0,91,65,46,4,23,19,41,45,40
7,19,7,35,15,32,40,79,51,55,75,40,6,25,50,63,17,66,67,91,66,10
64,67,83,84,8,28,24,66,88,43,26,75,10,58,67,89,61,75,17,53,81,94,4,96,11,70
54,89,78,15,53,97,98,37,5,79,14,24,19,9,50,94,20,60,13,61,21,88
27,22,72,83,70,83,5,38,90,94,17,5,48,66,55,85,72,34,99,48,5,9,50,51,81,10
42,83,5,21,10,79,45,93,50,29,99,40,71,93,9,76,93,76,83,79,0,70,30,48,75
98,27,72,60,92,67,95,49,88,6,29,33,51,31,14,2,71,37,48,81,65,41,9,49,72,9,19
9,94,98,7,73,23,19,65,90,14,67,30,20,96,63,24,79,30,78,50,67,26,83,33,20,44,34
53,53,99,62,99,98,21,73,21,40,90,63,55,57,93,27,53,8,3,84,90,82,87,10,60,70
80,15,29,25,20,82,76,35,33,26,56,6,99,97,97,62,4,6,55,83,12,16,87,96,6
83,16,81,6,11,14,73,40,91,93,74,67,28,8,46,37,14,45,86,63,8,90,70,15,25
31,12,78,90,33,14,6,67,20,18,81,93,58,72,86,85,91,67,93,37,4,59
42,75,95,32,45,10,57,79,94,22,9,84,7,23,42,74,95,60,55,88,71,79,27
71,46,1,60,2,12,95,44,87,90,28,84,53,37,15,47,59,25,83,67,0,77
48,38,49,36,61,28,15,69,51,61,22,12,15,34,7,59,22,50,87,58,3,25,74
36,51,37,55,3,14,49,51,4,98,40,65,78,55,86,30,69,8,94,84,43,53
17,3,83,75,58,60,49,60,49,0,97,4,4,64,5,55,68,3,95,86,34,3,72,16,72,33
8,76,15,4,93,19,88,20,77,0,70,90,49,70,87,6,26,3,11,34,72,67,29,58
84,82,69,56,15,31,65,43,46,69,88,17,9,9,95,62,79,37,11,1,76,69,28,80,81
52,0,95,62,53,80,96,74,88,12,5,5,7,3,27,96,21,36,5,68,98,36
62,37,81,83,17,61,16,31,65,16,27,27,21,59,76,95,47,40,52,53,47,56,80,43,77,68,0
19,36,2,33,74,35,16,43,49,33,75,14,1,54,94,75,13,70,22,12,10,75,65
83,97,53,12,18,5,9,89,42,63,22,68,98,90,11,47,75,86,14,29,92,8,4,57,30
70,40,53,87,1,88,85,54,0,55,12,9,44,54,24,18,22,75,60,33,22,88,72,36,17,16
73,74,26,51,44,18,57,83,20,45,20,26,46,75,38,7,71,92,32,41,66,7
52,81,90,76,70,7,92,66,32,18,45,83,14,63,40,98,35,38,18,62,84,46
43,17,45,27,59,63,86,13,15,68,3,43,90,62,88,8,46,6,53,29,21,69
71,4,60,89,66,96,35,19,39,5,16,67,16,31,53,29,99,73,84,42,63,98,30,72,44,89
73,10,46,47,33,3,7,74,21,55,62,40,95,67,8,62,83,40,67,64,39,41,48,33,4
64,28,42,53,6,67,15,4,15,48,7,74,74,29,30,36,21,77,3,82,91,38,22,58,54,13
54,46,8,52,62,36,94,15,94,62,82,51,29,82,10,3,57,39,85,93,13,62,49,95,53
69,64,42,34,15,48,80,23,1,43,12,95,10,6,9,93,57,38,27,20,94,84,59,31,30,24,94
71,99,18,40,15,60,74,31,61,7,54,62,50,66,57,12,25,19,5,34,9,33,54
69,66,35,99,90,81,78,14,32,97,54,48,9,81,31,70,88,85,84,90,4,94,2,81,13,60,67
45,74,78,66,40,65,18,82,98,96,96,30,45,3,30,7,36,61,29,24,99,14,66,3,8,20
73,32,3,47,29,77,25,96,69,90,14,4,88,62,0,71,60,55,1,19,91,63
67,62,14,33,17,74,6,5,47,90,60,95,20,90,72,68,59,63,34,63,3,48,16,26,8,71
27,63,43,28,30,57,94,16,74,69,74,31,68,64,91,15,84,33,88,4,93,3
8,6,39,76,85,47,48,13,27,63,8,7,93,65,1,61,91,70,35,22,91,0,65,6
99,94,41,44,97,31,52,56,70,81,41,70,29,6,49,92,14,56,37,79,57,99,22,80
44,23,86,61,29,23,60,76,16,4,25,99,9,81,22,90,74,92,71,32,41,63
49,52,29,58,3,51,90,90,47,13,76,9,95,51,69,71,19,26,96,19,35,30,41,77
85,48,89,78,63,87,27,67,17,37,71,20,28,13,68,93,89,77,88,93,98,59,12,24
83,11,86,76,40,42,61,88,83,91,3,71,70,71,40,8,94,60,88,7,28,81,48,57
41,56,81,6,32,89,41,44,27,18,84,22,31,25,5,23,80,28,45,3,68,53,97,81,41,56
23,5,67,45,98,75,26,56,7,68,98,3,95,68,40,17,99,65,23,74,97,51,20
20,25,98,1,67,7,62,42,12,81,39,10,8,17,19,16,85,17,19,81,85,11,98
28,73,63,26,25,83,27,97,8,77,50,27,84,64,21,48,46,60,59,54,78,30,22,15
94,96,84,5,47,72,34,20,35,60,97,70,39,94,31,68,44,58,53,9,32,1,7,44,12
74,42,36,90,41,82,38,77,87,85,50,73,58,37,85,55,8,24,50,39,93,46,49
7,33,51,66,78,64,80,52,58,68,42,0,2,81,29,41,18,79,15,76,17,52,32,77
34,68,74,32,69,72,40,3,23,6,81,39,38,85,50,6,28,2,8,61,31,50,31,63,17
32,69,92,9,98,26,77,72,10,98,96,50,1,72,9,34,63,47,20,13,6,0
66,13,47,68,44,10,85,52,42,7,96,3,57,74,32,82,85,30,78,35,84,2,96,18,66
90,79,2,90,95,68,3,94,37,48,56,74,52,50,33,1,53,91,75,37,73,12,67,3
51,6,96,22,72,92,12,51,94,55,98,63,10,44,52,58,0,78,63,50,12,16,3,3
40,76,4,60,31,4,63,37,52,37,61,45,2,65,39,57,63,2,67,8,6,78,8
93,11,97,9,66,52,52,7,80,56,19,11,12,82,49,65,72,10,10,74,27,1,31,91,56,50,51
28,11,99,73,22,96,82,89,48,35,48,28,43,19,92,8,53,41,73,25,3,35,99,31,88,82
44,33,77,7,13,88,6,87,63,55,21,4,55,8,4,36,52,23,28,60,76,21,85,54
72,53,7,60,88,33,5,21,10,64,86,99,22,25,14,29,47,18,85,55,22,73,59,45
71,73,22,8,27,98,80,33,58,93,21,91,50,94,2,14,32,53,88,58,67,18,57,37,55
59,28,24,56,81,47,29,3,56,9,53,88,94,11,81,67,55,83,13,57,49,45,62,38
81,8,12,18,15,29,77,95,5,85,76,52,66,31,60,75,84,49,21,48,82,88,3,66,53,12,15
74,5,6,7,13,71,25,80,0,54,75,5,39,51,9,5,82,70,33,19,19,6,67
95,70,19,0,82,35,99,8,92,58,15,6,29,92,86,81,46,14,38,37,65,47,94,0,69,79,19
86,86,94,81,8,13,81,90,0,33,50,93,43,17,51,24,9,89,5,7,3,43
21,42,90,21,12,70,40,52,56,78,46,89,86,12,70,28,64,55,30,57,98,47
74,8,50,79,15,5,74,11,26,69,1,47,81,71,39,85,79,69,84,68,7,96
35,60,98,17,70,49,64,30,23,24,32,3,39,38,29,2,64,98,56,64,79,27,55
59,25,1,27,84,49,18,72,61,17,89,83,66,6,14,89,30,98,44,22,36,74,24,53,24
17,56,60,24,73,19,1,26,98,86,27,69,58,40,86,47,24,4,5,90,45,36,88,42
77,68,34,30,92,15,99,48,27,23,21,98,25,99,96,63,26,65,21,67,3,20,43,59
33,57,14,73,99,24,50,19,58,32,11,25,31,60,4,7,33,2,84,85,99,47
16,68,82,20,40,25,31,18,10,88,32,84,39,56,86,58,67,19,22,44,2,82,49
67,3,93,4,54,40,68,71,60,50,43,53,28,74,71,38,15,56,74,54,64,61,65,31,32,87,28
21,29,96,40,32,89,45,87,82,13,58,94,15,53,47,43,27,71,82,94,27,56
91,69,66,75,53,53,3,88,74,84,84,14,16,25,11,3,59,76,13,54,92,66,1
46,24,69,92,51,78,93,43,99,59,70,53,12,25,93,38,9,29,5,25,54,16,81
45,94,20,37,13,73,24,11,98,46,3,49,76,97,44,27,56,14,80,21,39,25,11,0,54,68
61,85,7,27,82,53,47,19,18,20,95,29,18,93,85,20,69,82,64,97,90,31
63,22,7,75,23,61,43,1,22,80,60,1,62,13,48,33,84,69,81,13,39,74,98,59,96
76,45,23,59,26,38,33,33,13,56,95,9,9,69,41,69,71,56,35,71,41,19
22,84,32,97,35,43,93,67,71,90,42,30,16,81,64,50,46,72,45,7,34,66
3,37,57,90,9,98,61,1,21,46,85,70,81,81,15,0,52,5,43,35,21,76,51
22,23,68,30,9,87,31,13,24,40,55,85,38,17,39,11,63,76,33,96,57,48,96,10,5
45,27,67,48,50,42,23,71,24,33,58,7,98,34,47,53,72,37,70,11,49,85,39
33,97,83,82,59,88,73,56,15,93,4,18,35,27,89,59,60,99,66,58,33,65,64,5
86,68,51,72,8,86,5,57,69,87,16,57,13,72,25,6,76,95,93,55,36,4,16,35
26,20,87,42,26,41,29,46,93,53,54,31,58,11,52,98,79,9,63,51,86,21
81,14,35,69,70,3,4,92,81,25,31,24,3,72,53,49,17,6,56,0,16,19,52
99,14,29,50,0,2,30,34,16,17,3,38,20,60,82,53,85,65,77,88,38,82
7,40,45,8,57,65,60,75,64,74,5,66,27,7,48,13,76,65,68,66,37,28,49,91,65,14,20
4,3,95,64,43,92,72,52,57,84,28,73,11,85,40,90,44,40,3,72,58,71,39,95,52
38,17,54,11,23,11,14,18,75,9,62,99,62,20,83,42,45,46,79,37,36,23,78,39
36,63,87,83,15,79,74,32,85,85,55,96,51,25,23,60,88,22,74,60,58,16,57,4,95,95
71,25,80,19,13,95,58,96,10,37,22,43,22,7,50,71,10,28,94,71,68,17,45,28,75,14,85
9,32,72,32,57,5,51,70,0,9,19,11,98,41,6,21,1,56,92,11,84,38,34
55,80,32,82,46,70,14,7,2,38,40,12,43,91,82,44,53,1,7,51,95,13,24,48,21,16
58,55,46,62,62,78,95,97,24,17,63,31,71,1,71,83,45,15,18,41,20,19,48,71,66,61,48
34,64,26,92,71,72,55,86,50,2,35,74,19,98,57,42,99,81,26,96,48,44,37,68,15,37
34,50,39,48,85,56,26,77,79,50,32,65,0,86,52,26,57,50,36,0,2,17,78,98,65
88,85,89,25,28,75,76,68,24,61,76,2,90,55,53,75,73,5,61,25,32,19,76,68,71,30
49,28,54,23,68,39,64,46,19,40,22,87,16,35,63,18,77,71,23,52,44,29,66
61,85,49,81,8,79,70,57,60,24,32,80,15,96,26,34,36,0,74,52,87,89,23
60,46,69,56,75,35,30,88,72,79,21,80,11,91,89,23,15,21,3,82,18,30,69
30,43,11,70,32,34,35,45,32,4,53,60,92,83,0,64,15,22,45,26,13,34,49,81
4,15,26,34,84,84,17,79,95,87,12,81,74,9,66,30,14,26,22,98,26,87
0,84,43,66,70,44,99,78,48,14,56,83,99,41,52,78,88,39,42,70,65,3,36,95,18
18,68,92,57,33,93,41,28,59,11,72,58,42,20,72,98,55,23,39,7,54,80,98,48
63,4,38,11,22,52,29,42,44,86,27,37,27,55,48,90,27,6,32,99,31,83
6,74,66,12,54,17,61,4,80,65,42,43,39,46,72,81,91,58,8,80,37,15,29,80,42
64,93,18,47,52,77,22,19,89,28,36,2,85,68,19,27,12,58,26,36,91,17,95,51,49,84,66
16,60,66,81,6,36,80,58,13,2,77,3,83,65,57,68,34,77,47,98,87,73,34,31,42,81
92,18,1,22,34,61,40,15,67,77,96,26,42,50,55,45,85,21,55,53,7,84,1,5
74,91,2,69,73,37,61,43,38,83,77,99,76,45,19,53,93,97,95,95,52,93,81,73,48,34,80
87,37,55,62,81,10,31,54,47,44,97,37,79,26,88,55,23,7,8,16,4,56,64,9
45,82,49,31,15,33,19,4,40,33,85,50,64,91,49,60,40,38,39,67,27,47,90,86,7
43,63,23,52,16,20,86,65,51,53,50,70,58,91,3,95,93,19,87,95,79,27,33,71,46
70,89,99,77,0,42,93,23,46,9,43,84,27,46,38,29,17,48,72,72,43,66,92,82,13,23
46,46,8,59,68,49,58,46,49,52,91,24,50,52,67,34,31,66,24,61,83,72,33,7,68,51
50,64,75,12,63,73,21,22,42,70,32,40,72,36,31,96,86,83,16,72,15,82,97,28,17
13,24,89,65,76,92,81,51,4,44,24,77,18,18,0,50,58,72,86,89,68,72,25,84,97
18,94,72,35,15,85,60,57,2,36,49,84,39,53,80,63,31,99,34,83,49,92,55,88,34,75
11,12,9,55,30,3,27,66,71,12,78,80,15,14,29,51,53,34,31,68,17,82,2,0
47,55,72,81,83,84,44,95,46,99,25,1,26,43,72,90,21,52,57,35,33,8,40,68
9,37,74,63,38,58,10,45,30,43,28,67,87,23,13,86,1,14,64,44,87,55
91,12,53,77,73,94,45,65,3,34,39,18,72,98,81,18,28,24,98,47,64,74
50,75,75,67,71,14,74,37,5,86,91,34,11,85,79,76,40,66,68,10,38,18,91,8,98,68
46,32,33,6,34,60,81,53,31,95,27,21,53,14,12,87,77,49,19,6,41,85,74,51,23
95,84,42,63,43,88,47,28,95,33,88,76,87,19,24,14,40,77,80,4,64,58,53,83
46,68,90,98,44,34,45,80,76,8,23,65,7,51,12,40,91,88,27,10,12,94,3,41
7,6,84,13,41,48,59,62,90,9,58,76,54,38,53,14,61,70,73,64,82,14,55,22
17,87,87,72,28,14,80,34,98,45,28,99,56,90,89,18,48,18,24,86,71,91,99,93,64,15,75
22,97,24,39,84,63,12,65,77,44,99,76,41,79,75,97,69,16,67,69,34,92,7,57,35,58
99,73,77,30,95,27,54,35,63,69,99,28,47,43,80,23,36,59,50,85,81,18,53,50,53,97
62,32,68,65,83,42,42,13,37,69,19,24,33,89,75,13,88,70,93,11,6,5,13,92,86,31
88,36,94,98,99,78,67,64,61,9,58,75,98,80,46,75,65,87,2,78,75,73,24
79,29,51,71,67,35,68,55,23,62,54,74,40,73,90,2,34,49,29,84,29,27,59,94
62,24,90,87,48,29,66,29,32,38,96,67,58,4,91,21,10,65,13,83,8,67,17,57,48,1,38
13,84,43,27,8,33,14,9,14,80,38,47,70,87,66,81,91,9,54,1,27,67
35,87,5,44,35,58,82,63,71,66,58,50,74,92,16,83,58,97,74,57,19,61,24,0
85,6,5,12,74,93,99,13,98,43,0,56,77,64,80,43,22,82,70,66,99,5
48,79,34,67,40,10,20,44,96,26,1,60,52,94,12,65,92,7,66,1,85,82,81,28,56,63,98
62,56,52,10,35,38,30,28,49,2,72,97,80,26,9,85,20,73,50,65,81,68,66
2,47,94,59,62,45,34,77,1,38,39,88,76,69,16,77,23,41,26,4,67,36,89,39
91,4,42,12,70,8,14,69,55,25,32,0,11,61,53,49,0,41,78,70,10,7,45
34,49,70,22,90,9,83,34,14,26,46,36,34,12,6,41,38,90,93,49,51,46,51
40,81,73,50,88,19,53,74,68,23,96,11,84,80,45,98,58,91,35,92,3,93,86,93,83,79,43
26,46,85,18,79,59,68,67,78,73,42,98,96,38,61,80,70,6,31,28,49,18,73,5
59,98,94,38,93,28,16,91,65,34,70,24,54,38,54,27,32,5,23,22,66,56,93,25,39,73,74
98,31,20,9,30,14,48,75,94,16,67,59,3,37,36,57,27,90,85,59,47,60,82,66,68
91,7,52,17,16,51,49,36,12,31,2,12,6,96,29,25,56,32,63,92,41,90,34,26,2,82,39
48,59,63,91,19,67,8,35,70,9,24,83,92,26,95,51,23,24,76,31,8,91,23,50,82,57
36,91,19,72,91,79,35,82,98,2,43,85,25,4,9,8,97,36,3,0,11,28,28,42,88,20
38,54,26,67,90,18,86,62,61,17,49,44,15,3,87,1,28,43,62,36,92,50,40,92,61
21,55,8,41,24,47,47,51,66,37,21,4,99,82,22,48,78,37,51,17,90,80,61,53
53,3,8,46,17,28,19,72,37,12,97,84,59,0,2,96,73,6,47,55,28,95,86,18
3,8,30,64,13,99,18,17,7,16,86,88,35,10,25,99,59,61,58,59,63,6,32,69,53,40
0,26,68,50,81,28,81,46,42,32,64,11,39,32,97,27,19,7,4,18,67,65
78,80,34,63,2,39,55,52,39,33,72,41,14,0,22,60,94,6,76,57,46,60
25,79,66,82,97,33,47,25,63,80,11,26,82,50,33,86,41,66,10,83,81,62,57,93
64,22,66,62,82,73,39,62,39,21,11,24,21,89,87,1,0,66,35,3,51,73,96,18,83
51,97,89,44,6,5,18,73,19,1,98,58,63,37,32,26,13,53,15,0,6,68,18,93,71
66,67,40,1,99,91,98,40,87,57,97,6,30,16,59,80,26,74,17,58,0,30,11,16,82,69
53,62,7,75,28,26,15,81,77,58,32,17,97,89,66,55,71,82,14,51,61,88,20,19,89,2
5,84,52,41,89,67,48,64,47,74,31,29,52,89,61,21,87,2,88,94,73,22,9
83,97,96,55,38,98,38,95,34,42,36,24,9,36,40,57,63,72,38,15,61,51
0,53,76,95,78,51,56,54,34,53,2,89,44,0,79,39,34,22,28,10,83,64,51,92,27,23
94,36,81,83,89,86,11,84,64,62,40,70,49,45,72,90,41,72,70,81,59,92,61,21
25,72,20,5,47,50,51,84,84,34,73,70,98,9,35,12,1,57,61,46,30,52,88,54,22
13,66,82,87,45,59,59,65,64,59,16,16,43,52,2,68,22,0,29,9,65,30,67,26,28
30,68,3,4,89,69,22,23,56,68,83,15,33,99,26,1,67,21,53,70,89,28,22,70,89,39,0
66,29,5,96,97,61,53,39,30,75,14,86,43,97,53,77,49,80,30,16,1,36,38,43
13,13,53,52,14,62,70,95,19,19,44,80,72,35,10,47,50,96,91,99,2,20,48,82
17,83,86,7,78,2,72,92,56,25,58,70,47,53,89,66,49,70,38,85,32,38
81,29,86,83,1,87,65,51,56,0,90,63,79,92,36,23,0,13,81,70,60,86,60,79,87
69,72,14,7,59,47,88,98,30,89,37,47,41,93,48,83,56,79,75,44,2,76
35,46,22,73,58,1,60,40,22,33,7,30,44,54,70,94,85,60,31,32,53,24,32
33,11,11,29,65,39,39,52,38,13,25,96,66,86,89,88,71,48,70,67,2,41
39,1,93,24,54,70,56,42,55,20,5,84,37,45,75,90,35,88,15,83,6,53,72,95,76,20
44,75,58,6,14,11,51,90,17,73,47,11,28,19,17,13,56,14,40,98,49,81,66
87,19,57,34,96,29,52,92,4,62,98,71,26,1,13,95,27,12,7,55,31,24,20,40,38,61
39,42,56,23,81,76,80,16,24,62,20,16,18,82,66,41,60,19,55,56,46,67,63,2,99,87
91,77,35,81,16,29,38,91,11,66,24,27,90,86,99,58,56,81,76,98,42,95,53,98,94,20
48,71,0,22,62,29,10,44,97,39,34,88,2,0,12,81,42,50,80,0,7,62,28
56,75,10,6,69,82,19,69,54,71,92,68,0,2,64,97,93,98,37,96,50,2,77
52,10,44,11,24,72,68,80,0,78,38,21,13,9,91,67,80,83,87,32,37,52,81,82,2,18
53,20,60,45,25,70,42,36,94,14,57,26,66,87,16,88,0,25,79,19,57,14
41,3,11,22,85,13,92,16,18,65,28,16,90,98,58,78,44,24,87,70,91,75,38,79,75,63,58
72,24,54,13,27,65,87,12,30,79,80,49,44,8,17,86,58,75,17,2,99,4,24
79,62,21,7,25,31,2,97,55,8,62,34,73,49,47,55,29,79,4,25,88,73,12,98
29,1,0,85,25,42,65,88,16,72,65,99,26,15,7,86,77,41,59,79,40,66
72,71,85,60,44,49,10,45,78,11,45,64,89,39,81,77,7,5,94,59,83,61
69,39,59,28,70,52,94,30,24,17,15,36,14,65,46,11,95,10,8,11,99,99,92,28,59,49
18,32,84,36,1,75,47,81,97,99,28,27,75,97,42,63,63,59,10,74,55,72,82,18,71,34
99,93,60,73,11,45,9,99,46,36,46,28,33,98,56,12,25,53,7,89,17,66,51
73,23,78,92,94,12,55,45,5,67,70,68,12,32,67,59,20,65,39,6,15,47,18,41,52,77,30
44,81,65,69,56,43,61,2,7,68,47,12,36,69,32,0,53,51,11,74,16,50,32,84,97,2,25
80,7,71,24,88,88,45,96,31,7,98,38,27,97,2,63,18,86,16,72,37,27
6,30,30,90,27,84,15,29,64,22,53,40,62,41,86,10,25,45,8,15,72,5
88,23,4,4,47,94,83,45,0,13,27,42,93,64,9,22,28,83,27,21,97,21,59,7,46,4
61,28,72,31,68,47,88,72,95,82,8,92,34,21,72,28,14,36,37,89,16,20,16,89,17
48,76,35,52,43,49,33,15,80,1,14,20,26,61,2,34,6,88,55,78,16,22,66
11,34,25,79,24,94,69,72,22,56,77,65,5,10,80,38,63,47,58,89,8,13,75,14,1
92,70,5,10,75,68,97,53,47,21,99,16,45,22,73,22,87,30,84,20,68,48,67
89,75,92,65,42,45,0,86,67,5,97,95,25,94,0,72,67,99,89,12,73,14,35,13,44,19,85
19,52,44,9,79,88,26,21,85,26,8,53,83,57,48,8,3,48,80,70,99,21,34
87,21,38,84,93,23,1,12,27,97,21,58,85,99,32,22,77,92,75,60,1,75,20,4,75
26,27,26,60,52,14,34,42,98,27,17,99,39,96,96,13,54,33,12,38,55,90,30
2,31,10,23,87,86,76,13,65,2,26,69,68,60,11,18,87,28,69,78,24,17,43
50,8,69,58,50,99,93,52,83,3,27,70,41,55,36,6,10,62,27,78,74,38,49,13,18,18
94,36,87,25,38,95,46,48,45,97,41,97,80,45,77,51,38,32,39,97,42,1,24,73,27
22,92,33,92,35,28,28,22,5,19,17,51,67,14,48,9,64,29,6,41,32,44,25,71,41
24,66,93,3,81,67,95,14,59,30,94,88,5,99,59,74,50,26,89,99,87,53,80,93
64,90,71,35,83,91,11,1,36,14,82,3,9,49,63,91,43,3,96,43,62,71,93,40
44,28,65,24,21,11,88,63,34,75,47,78,38,48,14,52,83,70,13,84,33,5
88,53,22,50,24,16,90,36,12,70,53,89,44,16,29,7,51,5,54,81,43,55,95,48,90
61,74,50,18,1,38,72,24,40,48,92,83,37,56,53,90,45,97,7,75,57,10,32,63,91,75,18
23,8,4,37,82,6,7,36,45,79,12,37,80,56,20,17,12,26,59,10,75,66,85,32
17,96,19,44,14,58,20,75,14,57,9,20,16,97,17,48,9,7,28,17,27,97
5,56,92,81,75,29,65,3,98,61,23,42,28,33,14,55,99,23,64,19,40,14
88,75,96,16,93,75,65,75,33,21,19,14,96,48,31,0,46,93,75,40,73,60,55,28,59
44,30,18,58,19,6,34,67,74,79,95,39,6,28,13,25,94,61,73,25,13,71,70,88
43,48,18,71,59,97,16,90,67,74,61,26,60,29,0,39,76,92,45,4,5,22,50
47,27,80,70,98,20,34,41,21,52,65,80,1,81,22,69,7,84,47,20,13,47
89,91,9,45,48,31,47,67,79,74,99,49,72,71,83,66,92,88,31,25,89,64,47,10,71,31,57
96,57,55,37,0,64,34,49,95,81,68,26,56,67,28,80,38,63,46,83,51,29,8
93,7,3,17,91,61,60,87,70,15,77,70,31,11,71,27,93,39,5,1,6,33,81,97,97,80,80
9,40,41,3,47,97,72,38,10,32,78,80,0,55,50,31,66,74,10,11,13,68,64,20,1,46
50,78,49,51,87,89,44,42,88,41,14,79,51,99,57,83,99,64,86,82,30,60,45
73,13,58,45,66,56,14,17,34,63,20,74,4,16,68,93,10,83,24,61,34,33,97,85,97,83
79,95,12,73,68,77,84,66,44,40,80,13,75,44,33,1,0,49,69,45,59,4,69,73,38,2,22
51,57,43,31,52,7,4,72,85,88,38,81,81,19,94,8,15,79,9,67,28,78,13
35,34,65,25,37,87,1,88,44,96,71,48,55,76,20,92,16,11,73,97,82,67
49,46,66,16,27,97,29,19,32,64,36,9,53,75,10,93,71,6,65,19,62,93,91,54,61
80,11,84,47,68,85,46,35,2,25,32,83,96,16,99,32,25,4,7,88,98,30,94,15
8,60,40,15,73,95,95,84,31,94,53,17,92,88,19,69,72,54,65,40,54,49,65
8,53,8,38,0,23,87,60,35,80,27,9,27,74,93,58,21,98,75,13,38,46,35,10
0,50,7,2,68,65,10,73,74,1,25,49,40,38,37,20,65,46,47,40,91,58,61,42,85
80,84,61,91,85,14,93,44,16,13,9,78,39,35,79,64,85,20,2,74,40,20
40,12,63,50,25,5,35,51,86,19,65,29,56,79,74,0,47,88,62,25,27,97,5,43
25,98,8,17,18,80,9,82,96,11,7,53,47,10,91,18,75,20,27,6,47,79,53,87
31,14,91,36,9,25,13,7,86,82,77,18,44,59,14,55,66,68,54,77,59,73,4,32,0,11,31
16,18,73,47,84,64,83,93,41,48,1,79,83,30,98,27,90,12,82,8,32,89,37
62,42,28,14,53,59,45,21,77,18,69,61,34,4,6,76,53,59,55,36,90,5,63,80
97,40,2,86,78,98,0,20,26,66,25,85,12,46,14,82,15,75,17,72,82,45,25,41,52,13
58,28,63,28,77,56,82,64,34,81,16,54,7,83,31,45,47,77,59,29,45,87,98
69,43,94,62,48,7,46,6,35,61,86,12,17,68,28,51,49,97,57,9,32,40,6
18,65,8,15,4,59,84,25,2,30,88,50,37,86,8,24,99,94,88,69,15,69,72,16,66
25,50,70,83,29,40,49,89,7,5,48,43,31,3,73,71,53,62,57,14,38,8
27,77,23,48,50,40,66,32,17,16,54,1,45,95,2,34,54,7,35,98,38,38
9,43,86,18,57,24,27,18,3,4,41,3,6,33,69,38,3,85,93,56,82,40,58,69,94,17,4
8,94,68,69,37,6,88,95,82,67,13,38,23,6,41,30,92,63,20,95,0,13,51,83,5,61
0,78,60,96,86,54,16,8,91,74,96,38,9,15,3,47,38,62,40,20,54,3
49,56,6,52,39,12,13,95,64,43,55,60,30,61,29,38,52,3,86,43,12,1,98,11,91
52,12,14,7,5,15,63,11,67,54,23,32,49,87,76,56,0,58,17,29,48,22,84,34
97,87,15,8,30,76,12,42,42,72,99,58,35,11,77,42,34,10,91,22,86,0,22,96,17
44,39,87,78,56,36,17,72,97,47,0,9,42,42,81,41,52,69,4,30,11,39,92
13,30,54,87,26,24,90,70,15,29,0,72,66,69,96,63,68,48,72,62,42,6,56,95
60,77,38,99,69,44,64,51,51,51,29,75,93,99,90,23,51,14,89,20,62,52,40
76,3,5,34,59,0,61,19,77,51,71,98,48,35,1,99,39,30,26,84,81,68,7,32,35,48
97,52,44,60,81,99,65,15,58,17,29,30,46,32,1,96,80,88,97,31,79,27
64,60,78,23,92,13,72,48,62,76,44,74,57,44,91,25,54,8,6,84,54,90,37
71,78,99,54,57,78,12,73,38,42,97,82,55,21,30,17,49,27,44,7,23,35,84,77,44,42
50,32,3,53,55,81,52,10,39,31,22,64,21,64,61,4,71,34,34,40,84,13
43,36,20,79,66,16,21,80,18,5,83,71,61,17,76,71,56,59,45,20,80,61,34,84,32,20
72,4,84,9,47,73,29,26,39,97,99,71,15,5,6,39,66,23,15,89,31,26,34,4,6
90,43,27,10,66,51,15,50,60,14,75,41,93,66,38,92,37,6,49,96,45,67,19,60,56
38,90,7,96,37,97,39,16,7,5,20,74,8,32,89,83,74,34,50,64,78,39,22,28,35,67,47
79,4,10,17,46,17,14,36,66,5,52,25,11,72,0,71,5,41,6,31,75,56,47,53,48,70,33
37,81,90,17,37,52,86,35,69,52,71,87,58,76,65,69,48,65,92,5,58,98,88,85,7,36,90
6,76,90,95,57,33,64,46,85,51,33,7,3,5,46,13,81,11,34,81,28,26,87
25,75,23,84,63,14,39,69,90,81,17,99,14,81,97,52,84,30,59,40,87,5,53,68
40,2,45,66,89,84,43,16,7,27,80,73,18,1,15,0,70,66,66,52,15,18,88,46,29
33,87,86,54,4,26,56,1,92,97,37,88,13,97,15,45,70,34,99,38,86,69,4,52
20,23,62,18,52,94,3,39,32,57,95,58,65,49,3,14,86,91,28,83,58,25,6,92,24
30,94,0,35,19,20,58,33,90,62,28,94,54,60,3,49,71,21,98,74,35,37,65,63,20,75
78,20,17,22,50,11,23,85,31,95,95,16,86,58,44,32,12,57,35,13,28,56,64,2,92
19,7,73,94,48,52,14,66,26,17,29,49,54,12,97,50,29,83,60,25,15,24,82,2,89,10,11
64,3,6,35,62,32,82,11,36,48,29,62,65,10,64,20,75,61,22,56,96,34,81,63,58,16,65
78,76,53,43,31,11,30,94,43,12,57,79,61,38,42,78,0,58,98,75,19,72,31,15,6,65,30
81,47,16,59,76,21,54,7,84,37,53,28,49,62,59,62,0,53,41,1,11,91,28,82,16,12
22,77,79,91,10,27,7,21,3,80,28,62,64,65,16,44,66,78,4,29,31,57,22,84,21
12,3,81,76,53,56,53,84,47,15,63,6,37,66,86,65,81,2,82,49,47,48,79
29,10,12,3,46,33,69,11,89,2,87,94,58,93,78,57,8,42,63,97,60,1,14
4,96,42,51,97,22,6,26,84,18,82,31,52,3,42,93,5,29,87,16,22,65,73,83,59
80,20,90,47,13,94,43,56,97,92,30,3,71,14,74,53,45,26,8,87,19,13,69
81,43,23,7,26,35,96,59,55,38,6,20,33,1,28,82,94,58,38,17,73,12,70,70,90,78
61,43,79,19,77,22,94,84,1,29,32,60,36,70,18,9,55,71,37,90,17,96,28,34,21,92
91,82,86,1,95,82,80,14,59,55,60,95,8,42,27,20,30,49,38,39,5,61,29,47
25,75,13,98,67,70,89,1,56,91,48,90,23,14,49,30,74,96,38,68,23,10,99,25,0,38,82
67,29,41,44,56,54,42,75,76,84,28,85,27,76,75,50,90,25,33,64,21,23,33,97,34,32
34,22,56,48,42,37,89,38,93,96,81,20,72,17,48,57,44,24,85,46,14,62,79,30
55,63,84,89,47,58,75,22,66,24,64,55,65,54,48,61,35,68,34,4,68,43,48
28,95,6,42,26,37,78,81,52,62,22,52,73,98,26,39,74,42,95,39,96,95,1,84
87,88,84,82,37,29,63,32,35,5,58,24,35,92,29,98,14,33,23,12,59,14,38,1,61,30
57,31,33,25,70,22,61,4,59,90,67,43,78,25,53,54,60,45,35,10,12,68,33
27,48,15,80,9,45,30,18,28,63,95,98,85,57,2,96,99,22,91,77,47,97,84,7,94,19
6,88,3,83,67,3,98,0,13,43,30,83,71,93,79,21,31,88,75,79,87,49
17,96,68,1,56,62,20,26,69,60,81,52,80,85,2,80,50,45,10,85,68,55,64,41,86,4,68
44,18,89,61,66,57,14,74,71,34,52,40,47,34,44,27,71,46,7,73,43,69,58,63
75,56,63,79,25,81,23,95,70,36,13,79,50,88,50,85,40,43,84,26,39,11
86,70,70,81,39,81,45,15,56,1,78,35,78,59,11,25,81,47,39,12,98,79,63
19,58,19,98,97,82,47,83,52,18,17,43,51,14,58,7,67,89,94,46,0,5,23,82,5
94,3,41,9,90,13,67,61,11,65,43,58,0,47,28,69,42,79,83,0,38,51,89,33,49,90
72,24,95,35,70,50,28,80,92,41,99,53,4,64,48,63,17,95,43,86,89,23,70,90,61,73
46,22,73,37,94,97,84,29,20,35,58,0,27,51,51,33,56,68,81,19,85,29,14
18,89,45,60,3,18,92,49,40,65,86,87,15,71,16,35,58,26,87,37,30,90,70,86,58,52,57
81,71,19,51,61,16,12,64,35,4,65,27,21,52,14,88,75,83,75,85,61,14,22
5,93,77,63,97,86,59,30,10,30,81,71,46,93,87,81,49,52,61,71,56,27,11,83,10,87,68
1,43,15,58,88,45,22,85,83,33,15,93,63,48,16,9,94,3,43,43,8,4,66,16,31,78
94,17,20,70,70,15,85,29,3,82,3,88,66,36,55,59,99,56,76,8,50,31
93,91,7,12,60,91,90,12,37,59,32,7,29,48,44,58,3,27,13,44,45,49,51,56,48
32,9,57,16,12,3,59,72,15,19,63,57,31,0,16,16,59,45,16,3,56,19,82,69,15
71,67,84,71,74,68,80,84,36,45,39,96,17,6,15,80,63,99,32,31,15,91,28,83,46
2,29,6,18,56,77,37,40,48,63,9,81,47,45,26,38,93,43,44,61,75,59,60,59
27,50,71,10,48,55,64,77,13,34,34,42,71,26,43,35,87,24,34,85,2,25,78,45,21,91
81,3,31,23,30,33,94,92,81,2,9,11,67,95,97,10,67,23,53,54,63,29,40,48
65,78,28,39,70,52,72,73,83,95,56,68,42,0,49,96,9,12,63,57,9,25,24
30,30,96,59,22,96,42,40,74,22,79,96,74,51,22,9,98,78,77,40,30,79,88
91,4,49,1,29,73,86,12,55,34,71,77,30,66,17,56,88,48,53,15,99,75,24,98,5,2
35,81,79,27,24,83,76,25,64,1,11,76,8,97,0,38,27,66,7,36,6,56,41,73,7,68
57,73,52,48,60,85,79,40,9,62,68,35,78,22,98,55,30,96,55,20,75,73
63,31,36,4,5,43,72,55,1,97,7,1,58,92,80,50,1,94,18,88,72,40,39,27,23,87
95,14,59,75,78,91,11,82,48,7,7,3,60,4,62,13,62,54,93,12,7,39,83,96,11,75
91,98,74,77,46,88,37,21,66,80,85,1,80,44,8,35,4,12,97,69,27,51,62,39,10,53,74
64,50,93,7,48,19,85,46,8,22,68,26,54,53,27,34,97,35,69,53,0,66,22,27
36,18,79,89,93,38,5,43,83,13,43,3,98,90,11,72,58,37,78,63,17,12,12,4,33
4,51,39,83,20,27,2,51,16,95,41,73,38,25,86,33,80,36,23,43,60,33,32,38,96
2,8,54,35,25,10,86,64,94,58,91,96,62,59,43,3,33,33,80,71,66,60,60
3,72,75,36,11,72,37,13,32,43,1,58,54,39,74,0,98,66,48,60,77,91
62,24,96,86,42,8,98,84,64,70,60,52,33,84,89,99,16,33,0,26,39,39,1
89,19,39,49,96,30,17,11,6,13,97,48,73,95,33,37,17,45,89,51,29,31,50,97,64
24,55,93,77,98,83,96,37,84,44,19,1,55,25,66,4,25,40,51,10,29,69,55,19,72,36
74,34,66,76,10,73,69,87,71,52,35,8,89,31,79,90,87,4,57,43,81,49,95,92
16,99,49,88,36,51,62,70,69,90,32,42,59,19,65,64,6,25,53,37,4,95,76,8
20,42,53,67,34,84,83,33,33,23,21,37,85,43,6,75,75,49,86,46,66,2
92,55,90,96,51,18,57,55,38,99,61,57,85,45,40,70,30,15,92,19,0,35
27,63,27,66,9,93,68,62,85,24,4,82,27,22,91,34,13,90,95,70,75,92,63,97,75,78
94,31,77,20,58,40,47,76,49,93,45,63,78,21,67,12,0,42,3,34,55,45,82,77,72
40,70,1,19,59,96,50,36,68,60,76,68,37,78,61,34,41,39,55,61,4,7
7,41,10,5,75,87,77,50,28,47,3,47,59,99,49,95,20,9,24,88,98,2,49,32,43,40,39
44,46,59,4,40,69,9,15,57,38,17,37,86,21,84,97,72,33,92,92,94,68
93,22,81,77,18,74,17,74,18,15,34,74,7,55,35,23,12,74,92,49,60,65
57,38,70,1,82,65,22,15,10,44,48,87,14,22,56,89,93,24,75,67,83,30,3
95,77,51,96,89,16,34,98,6,4,51,89,21,73,56,83,70,4,23,84,27,79
20,55,0,87,39,83,42,97,78,71,48,74,60,17,8,10,23,65,62,64,38,87,20
57,25,45,94,52,76,71,24,32,72,11,23,55,6,72,85,77,73,11,90,90,20,0,65
62,30,75,50,2,97,59,27,42,5,31,71,77,55,3,1,19,78,8,77,50,93,54
4,44,65,76,45,31,13,59,13,41,61,15,38,21,95,33,26,26,4,55,34,59,56,5,89
82,39,9,36,15,14,33,80,42,30,63,56,41,28,49,3,44,39,76,91,72,54,69,28
55,39,66,60,28,83,42,20,92,31,87,58,16,19,1,46,83,57,87,11,58,90,7,97
50,22,21,20,50,83,75,42,1,88,70,84,30,42,29,13,29,87,29,49,88,75,84,97,15,47
57,7,53,24,57,75,97,29,77,80,57,19,33,45,42,18,75,84,47,41,66,34,70,15,23
99,20,13,98,28,70,5,81,46,15,8,95,44,85,27,1,5,61,46,99,79,74,83,78
49,64,37,16,39,35,67,12,0,66,40,71,23,21,69,38,29,65,83,66,44,36,71,5,83,70,36
6,14,76,7,31,13,24,70,1,43,82,1,9,22,24,33,95,94,71,24,11,6,43
43,66,61,78,89,49,87,95,64,63,54,47,28,78,17,29,22,0,31,83,74,55,68,70,1
46,12,98,89,20,41,56,81,19,45,30,58,92,46,73,46,45,2,77,63,31,51,15,14,86,89
55,11,23,47,58,88,45,99,8,39,7,41,10,4,23,69,96,22,42,95,67,44,24,82
75,97,42,61,39,64,68,50,40,15,8,80,13,60,88,52,67,81,14,72,4,83
78,78,15,46,74,39,80,2,66,78,97,80,17,13,48,67,53,16,28,33,29,88,73,33
54,47,79,11,83,0,41,13,67,39,87,59,20,90,25,98,39,5,67,52,6,86,58
14,43,3,54,69,88,62,75,87,93,38,22,45,80,35,13,19,23,72,39,65,97,89,4,55,8
13,95,18,87,61,14,42,16,83,30,30,10,69,75,49,92,21,29,27,34,0,2,58,92,67,7
23,14,90,84,27,85,54,66,98,68,8,14,3,90,96,14,12,24,63,4,45,44,83,31,44,86,89
5,96,70,81,11,60,17,90,97,71,57,95,92,17,62,95,8,10,9,20,34,24,76,31,68,11
13,97,3,49,55,0,71,88,63,31,57,53,80,28,62,28,20,80,90,68,40,0
12,87,54,88,18,22,99,33,35,49,36,37,56,88,8,96,51,92,53,57,24,33,19,52,54,51,42
91,95,3,55,34,57,43,52,80,95,37,67,96,74,56,52,62,17,48,66,61,53
85,86,94,38,92,98,32,66,41,79,70,97,13,27,92,18,59,87,55,27,35,29,35
44,52,87,10,13,92,85,99,79,79,89,71,77,21,90,71,1,12,68,66,91,60,84,51,0
30,35,21,65,75,17,70,14,27,35,7,64,86,86,44,75,9,73,49,99,44,2
64,68,55,25,53,6,77,45,88,12,18,5,87,36,75,2,15,11,9,80,49,47,76,25,8,49,26
46,28,71,10,96,26,87,49,84,64,94,72,77,65,30,16,1,5,70,16,68,31
18,78,24,95,87,26,21,47,72,49,70,34,97,49,74,47,85,38,93,58,67,58,88,36,11,45
80,66,38,28,84,68,53,31,55,79,4,54,3,53,25,89,50,26,63,49,11,2,95,21,21,5
57,17,7,64,97,25,54,25,61,22,78,92,30,9,96,84,12,1,61,54,3,87,17,5,51
0,72,93,57,34,2,74,93,18,23,70,72,49,31,95,79,23,25,41,71,61,5,24,23,59
62,29,84,65,0,36,38,45,94,24,48,20,69,18,44,39,91,45,70,38,76,45,63,69,68
75,92,51,34,71,14,63,8,31,16,96,69,61,90,45,61,63,14,80,59,5,23,4,75
32,72,76,2,40,52,77,84,4,63,8,70,79,68,1,47,64,23,60,7,68,74,70,35,54
40,29,85,16,90,69,40,18,71,81,70,0,17,26,16,25,96,95,93,50,94,10,73,54,17
28,87,28,34,68,69,63,5,37,5,74,29,23,46,62,46,98,80,72,14,57,21,61,3,23,55,13
10,30,41,90,69,22,25,89,91,40,94,80,46,68,9,21,66,72,67,65,4,92
61,13,93,64,36,0,77,84,62,59,77,53,28,99,78,17,90,70,63,22,16,32,84,90,50,56,57
60,49,47,73,14,92,38,2,92,67,86,55,27,64,60,7,63,90,77,6,60,40,80
24,64,19,75,72,28,90,32,30,89,6,44,33,96,99,26,63,85,33,42,1,93,2,17,35,79,75
71,55,24,96,72,43,71,44,72,13,29,54,55,87,98,88,83,97,66,98,35,51,93,88,96,95,57
74,32,27,97,40,3,93,12,47,16,56,71,82,85,77,37,72,27,77,7,25,96,6
47,99,52,96,46,10,27,20,42,6,17,82,10,63,46,9,79,3,32,61,40,9
65,36,80,24,13,76,30,77,75,81,30,71,27,40,99,99,34,5,69,69,67,84,15,76
70,60,77,63,69,79,28,6,59,52,71,35,35,49,11,68,31,82,48,71,33,47,57
68,26,58,52,42,87,68,64,47,45,27,17,76,7,75,36,60,98,71,47,47,34,67,78,17,15,1
15,59,93,35,85,52,88,79,39,8,44,86,5,71,55,81,79,82,17,91,81,41
28,75,57,59,44,25,12,47,92,23,40,27,9,44,15,40,35,75,36,74,80,8,29,62
12,79,82,45,72,72,73,0,81,84,44,58,49,43,50,72,36,78,33,80,45,74,68
10,42,1,70,23,63,61,35,95,43,80,19,67,6,19,1,42,16,59,91,59,10,64,47,88,49,28
23,48,6,86,90,8,8,13,23,70,1,18,65,33,38,85,91,9,86,34,25,45,77,85,7
32,47,43,12,81,18,60,39,56,2,47,65,16,71,87,69,41,52,2,31,37,94,41,23,80,66,21
3,80,3,36,28,98,0,61,68,13,0,25,15,48,90,83,19,77,52,12,81,7,44,19,53
94,85,3,67,94,7,48,49,95,76,47,95,37,16,60,37,93,76,37,35,11,8,64,16,21,45,75
16,28,2,63,13,5,30,59,12,30,9,7,58,8,55,95,76,15,85,69,43,22,4,7,31,68,23
66,50,69,82,78,71,45,43,28,28,54,93,10,63,0,69,72,7,16,48,23,1,70,18,24,74
7,95,0,11,61,50,32,43,80,55,41,75,83,21,30,76,31,45,29,52,17,36,69,18,11
88,82,46,14,59,5,9,60,16,70,62,48,66,95,3,7,22,87,80,4,15,63
44,16,19,33,85,37,44,7,77,78,54,92,38,59,1,50,28,24,12,76,90,59,32,49
71,29,38,86,92,40,83,8,60,16,45,49,12,53,79,91,59,71,29,70,24,79,98,48
27,90,55,59,39,89,30,68,79,68,13,20,51,73,32,19,71,81,32,24,60,75,35,83,4
8,35,56,8,30,83,51,85,94,90,26,76,11,58,44,76,78,48,49,62,67,72,43
96,56,74,83,39,30,89,99,17,97,60,48,80,11,85,26,53,64,2,16,74,46,92
94,94,66,62,66,9,13,15,65,40,98,57,22,39,56,40,36,16,40,68,79,77,94,33,93,96
67,43,94,71,89,88,37,3,6,99,17,21,16,9,20,73,31,11,30,23,48,98,15
30,93,63,63,38,59,64,6,54,58,29,44,98,67,99,5,18,16,78,34,25,98
9,62,90,32,10,40,48,78,70,93,41,85,31,53,50,89,7,60,19,3,59,38
16,56,71,94,42,49,45,2,58,7,44,42,69,85,42,47,7,35,41,93,19,46,43,8,5
79,61,14,17,16,82,25,87,77,20,88,22,22,98,81,67,41,50,4,83,49,11,71
56,42,36,51,50,94,7,82,55,73,51,71,56,29,58,85,49,99,7,23,97,88
38,90,46,74,39,10,97,30,18,39,18,70,41,12,77,23,67,2,75,38,58,56,49,43
48,2,28,97,42,23,88,32,21,62,72,31,11,54,2,2,24,72,43,89,49,19,56
46,47,62,2,48,57,59,48,12,39,45,6,62,33,39,84,47,63,67,58,69,69,12
41,8,82,42,27,91,46,25,90,60,27,38,69,86,38,33,25,83,40,40,69,31,24
94,91,27,63,13,91,8,54,99,91,49,26,34,47,51,24,7,30,14,28,68,4,62,46,87,2
8,33,10,77,79,53,56,94,66,47,2,73,47,45,22,73,79,69,77,55,28,59
56,28,25,70,26,65,24,12,73,57,22,50,88,27,6,82,94,54,37,19,53,82,41
62,62,55,69,42,67,91,50,47,16,21,73,81,45,85,7,55,59,57,43,86,16,78,32
15,51,75,97,44,53,11,58,61,81,0,28,24,51,75,40,24,48,74,69,33,81,76,44,90,72
6,50,15,80,17,18,55,14,15,61,78,73,22,11,26,2,35,29,77,27,53,77,53,74
34,51,6,77,75,88,35,25,55,16,94,74,23,8,41,84,38,66,58,1,92,60
73,37,16,26,66,69,1,28,56,4,34,33,79,75,68,56,30,36,50,56,60,10,49,44,1,16
2,60,63,91,34,53,59,60,19,80,13,48,36,69,34,21,0,61,90,8,92,26,10,0,86,73,50
74,66,38,28,26,53,19,12,58,78,73,78,59,38,78,47,8,64,69,60,26,11,69,70,37,79,22
52,24,11,78,42,49,7,21,54,78,33,13,57,6,43,68,45,21,15,5,37,36,65,15,47,86
37,66,60,13,70,84,24,1,27,25,8,0,79,86,33,44,95,40,87,15,37,8,31,94,98
11,13,67,98,51,4,16,63,69,86,99,45,87,78,70,47,78,1,86,12,46,81,4
97,41,94,80,87,92,99,98,57,18,96,60,22,12,23,43,51,23,88,90,53,10,90,32,12
44,10,57,48,43,6,41,89,86,28,33,38,26,91,56,75,3,31,39,27,74,42,2,63,85,55
75,39,37,3,83,99,60,83,43,19,24,84,5,4,70,95,83,13,52,58,16,35,49
61,92,97,76,29,5,2,4,96,39,59,80,39,71,15,34,90,40,70,48,44,40,43,27,53
37,70,34,87,65,96,31,15,72,60,72,74,16,68,66,27,0,57,98,16,43,89,8
37,4,6,32,84,59,32,21,81,66,60,99,62,43,66,35,55,90,61,23,58,79,50
36,49,27,79,90,87,45,27,91,51,11,75,62,43,49,96,10,61,95,24,5,61,11
51,73,36,61,4,38,24,41,87,3,72,77,90,69,56,82,20,68,9,35,63,58,31,25,20,78
77,91,61,89,42,86,25,55,91,64,80,84,3,35,56,33,26,26,41,60,98,61,69,85,25,80
50,0,46,52,77,37,66,18,31,4,96,39,47,12,71,31,15,6,40,0,32,18,42,44,68,3
54,28,94,74,31,46,21,83,75,10,1,93,94,6,41,33,53,53,4,37,69,62
21,47,47,63,91,15,67,5,21,47,51,96,78,49,69,14,24,31,67,70,25,73,11
27,65,14,64,86,77,93,7,24,40,23,67,7,90,73,29,89,76,77,20,26,46,34,50
53,72,55,27,84,65,6,1,80,22,87,9,15,46,85,7,69,52,14,59,77,95,1,54,72
80,70,7,82,0,60,55,55,87,91,72,45,92,4,67,31,13,34,77,50,41,47,55,8,58
3,59,38,76,80,70,98,39,5,98,0,12,5,39,3,78,85,47,82,52,78,48
55,50,80,2,57,88,13,42,92,72,80,20,5,3,18,44,8,69,96,72,26,36,75,56,21,74,91
52,91,12,7,41,45,62,99,33,27,93,77,99,25,49,56,28,20,53,88,89,49,60,15,85
72,58,61,63,84,65,6,48,25,47,93,87,98,79,14,91,56,65,17,58,74,97,78,27,38,67,28
34,66,38,58,24,51,73,60,69,79,9,94,79,2,81,29,81,47,21,90,64,90
38,87,26,17,77,45,98,28,31,16,18,42,40,69,15,53,90,47,62,84,26,64,17,55,98,64
88,81,70,36,71,10,14,89,87,59,39,15,90,55,33,32,47,55,0,0,45,99,62,30
79,47,84,77,64,13,65,45,35,53,68,45,67,57,33,26,48,48,68,3,34,53,3,89,5
34,4,18,16,81,97,16,65,74,32,30,91,29,66,44,97,63,11,7,96,89,55,97
11,31,14,14,72,19,17,58,75,35,27,56,84,43,74,58,75,56,1,56,22,45,53
8,60,34,97,68,83,7,79,66,73,93,38,93,62,49,68,50,76,77,34,19,3,45,46
46,54,34,44,7,72,52,20,6,50,88,42,9,67,8,82,12,47,27,26,96,96,76,24,25
43,28,60,41,87,58,95,21,2,54,45,55,74,52,57,14,94,66,33,54,0,45,1
24,49,76,52,73,1,15,68,81,27,61,68,86,8,42,88,63,87,43,89,91,52,4,37,18,37
71,35,45,99,59,47,27,63,20,80,79,41,61,6,54,81,44,63,23,33,78,63
19,6,81,23,44,51,13,88,74,0,33,25,11,80,52,74,53,32,5,46,45,64,0,27,8,15
93,45,65,74,65,72,7,40,68,58,53,56,85,5,89,10,16,22,63,43,27,47
73,93,64,25,72,25,41,74,18,86,40,92,3,64,99,44,32,10,49,88,95,55
57,23,3,20,66,30,20,67,55,65,83,81,37,8,74,11,79,12,51,71,16,15,23,60,47,85,9
32,16,17,89,40,20,62,58,3,82,77,58,99,61,91,36,21,65,47,0,30,51,24,46,18
58,18,84,67,5,68,84,74,9,76,47,71,34,50,5,12,60,4,25,52,92,46,69
47,99,91,71,97,61,70,55,79,6,23,85,26,59,59,35,35,6,59,21,8,16,33,69
10,21,13,57,42,5,56,94,48,79,91,10,1,47,89,59,22,26,85,33,86,72,68,44,31,41,53
27,22,21,37,95,86,46,89,44,2,83,92,33,27,54,34,26,44,93,48,70,30,33,8,3,53
86,94,58,34,21,32,7,59,79,94,57,68,38,12,4,82,45,31,37,32,57,81,77,57,3
42,12,63,95,17,49,89,27,84,63,59,91,74,38,37,31,58,27,43,14,10,89,97,47
6,80,98,63,35,58,57,99,21,52,16,71,94,95,7,57,54,50,31,44,88,62,55
6,69,77,47,19,76,20,25,8,70,41,44,29,98,43,50,51,12,73,45,7,80,2,14,31,33,58
47,65,38,5,87,16,52,6,92,72,31,1,43,72,97,24,71,40,26,74,4,0,19,12,32
26,63,58,36,86,57,2,25,63,89,41,15,47,85,40,78,38,83,3,87,7,26,28
52,84,85,23,96,18,96,74,33,6,11,20,63,65,97,26,6,90,94,53,75,34,83,66,69
5,28,64,85,13,16,70,99,39,66,69,87,41,2,93,4,74,9,69,71,87,27
81,80,89,67,15,7,36,54,12,64,70,98,30,87,20,29,78,86,50,18,79,4,63,35,79
56,2,60,83,64,93,15,5,61,31,64,49,85,28,66,55,78,96,94,98,77,73
27,91,68,31,54,4,62,79,60,65,91,96,81,36,11,86,49,42,2,99,79,30,65,35,9
29,7,90,54,44,17,97,13,0,4,69,63,35,81,28,26,77,61,62,41,99,12,83,1,63,15,31
50,40,93,31,0,83,38,44,52,87,9,52,91,30,67,26,12,95,4,41,56,19,82,55,83,18
46,33,40,26,35,32,71,66,32,54,56,29,58,44,38,10,87,69,78,66,33,25,70,74
89,57,41,24,27,50,70,60,42,48,95,74,19,13,59,25,22,88,83,66,78,46,53,99
19,32,53,42,59,87,83,68,81,8,95,83,78,55,25,79,2,51,50,67,10,76,89,50,59,7
57,13,80,33,32,65,39,26,24,78,10,92,59,18,87,94,48,94,71,79,48,23,30
85,6,57,88,17,64,69,75,77,49,60,62,66,99,88,90,78,50,34,89,68,73,84,69,67,55,0
30,30,83,16,36,92,56,6,56,25,33,34,26,93,48,93,45,36,35,23,87,70,64
43,48,28,63,4,29,30,86,59,65,54,48,57,10,6,66,35,39,52,14,32,0,7,77,88
52,27,64,17,35,8,17,15,23,73,96,53,60,8,71,14,56,80,25,14,46,12
98,26,37,50,85,67,39,80,19,66,44,88,53,4,6,69,27,31,65,81,91,25,4
81,84,83,95,83,47,0,81,26,38,84,11,5,23,91,76,41,88,65,95,92,23
20,54,33,53,98,59,57,56,92,41,91,40,24,90,40,58,16,78,94,80,83,17,23,60
11,77,5,4,0,21,76,6,7,29,56,66,86,12,58,79,55,98,56,46,39,66,62,69
42,5,29,66,65,39,29,94,97,85,46,70,61,4,77,90,61,43,28,73,54,60
4,16,27,95,34,89,65,46,84,70,75,2,87,66,31,33,63,17,79,86,30,83,63
96,59,49,70,65,9,51,69,77,78,65,63,19,82,9,55,4,36,57,43,3,41,76,18,10,7,4
42,20,13,39,31,15,61,96,76,64,65,6,94,82,69,13,64,79,21,20,15,30,63,70
91,89,33,50,45,26,45,17,91,84,48,6,97,44,83,61,62,41,7,44,10,20,61,89,93
57,24,49,27,47,92,68,33,43,66,59,88,83,50,24,84,9,21,28,44,34,42,85,41,39
13,0,37,7,85,94,83,34,73,30,27,42,63,22,8,74,62,43,77,86,27,86,59,8,82,45,50
38,89,14,51,41,51,10,79,97,45,13,71,28,92,65,43,66,73,18,28,68,47,66,96,33
56,15,22,6,34,60,48,48,64,41,52,26,20,49,72,86,72,0,30,37,43,97,10
25,31,60,44,27,45,21,83,12,44,41,46,56,41,47,20,83,99,99,55,0,71,41,73,23,72,10
21,73,32,98,4,92,42,83,90,64,66,2,60,59,1,16,1,48,89,36,99,40,91,99
85,72,34,9,35,52,30,8,84,28,64,29,23,47,19,39,65,73,99,24,74,67,77,74,8
73,48,57,73,11,42,97,97,51,32,50,33,92,86,13,56,67,36,3,38,27,68,12
45,38,46,22,13,54,88,86,3,45,11,66,39,61,64,42,93,14,75,38,52,40
20,29,98,10,56,18,22,35,63,61,81,38,26,35,78,64,90,75,28,57,14,89
56,34,87,83,72,91,75,67,63,4,17,74,13,35,48,48,51,9,29,41,87,16,19,52,59
80,16,60,69,89,16,55,28,51,28,71,78,95,35,35,12,9,48,99,9,96,50,71,77,43,58
62,62,4,8,42,72,68,63,13,36,19,41,87,47,65,18,94,0,53,58,61,1,57
49,60,41,78,3,52,23,18,14,28,26,9,52,95,72,66,31,43,59,71,42,24
88,24,94,46,37,95,56,8,96,68,1,74,23,53,97,41,68,77,20,77,30,15,1
98,97,55,21,39,32,62,28,56,56,26,94,51,82,54,99,2,7,73,26,61,23,19,81,52,39
82,54,11,30,5,8,38,26,0,70,89,80,78,45,6,24,49,41,30,0,95,38
21,99,49,41,32,1,80,42,36,87,5,18,92,66,8,70,66,78,11,98,9,9,4,33
97,64,10,93,54,84,66,53,85,7,37,39,40,79,75,79,84,45,71,50,54,93
84,5,66,93,14,23,79,24,72,95,86,17,49,71,84,2,8,43,39,47,35,70,74,14
20,37,57,74,31,77,58,88,44,4,54,19,83,30,91,78,16,9,27,39,45,81,48,88,72,47
94,22,38,0,42,28,57,68,59,35,78,99,31,82,53,50,65,35,93,95,51,2
43,47,55,43,88,79,90,64,73,12,54,74,6,82,83,26,93,70,5,92,53,39,97,55,5,32
52,36,51,27,79,51,34,74,39,66,64,55,91,29,9,65,87,92,1,14,85,23,71,30,29,10,27
67,12,33,72,48,85,99,79,88,85,53,79,51,69,34,43,50,43,60,38,87,13,4,25,89,27
18,89,34,2,9,98,36,81,98,73,32,29,61,17,82,40,21,4,26,64,54,69,76,44,9,90,0
79,27,41,97,17,27,51,26,78,87,59,76,60,91,6,73,8,40,65,29,44,91,45,51,13,22
22,64,48,8,95,75,1,92,44,80,95,22,58,83,33,35,95,24,41,21,85,81,86,66,78
12,29,91,86,76,13,50,76,73,97,4,74,89,0,54,84,23,13,19,8,0,67
41,88,18,74,74,84,52,52,48,33,95,86,62,60,88,38,33,85,42,7,26,95,14,63,18
82,26,79,1,11,72,89,81,46,16,18,99,20,66,84,16,5,46,76,93,37,10,31
69,57,26,35,20,96,14,55,75,45,56,86,17,98,68,16,14,86,67,34,4,51,50,61,50
55,87,89,38,18,10,95,97,98,16,93,64,23,68,10,79,7,79,77,75,95,91,13,62,26
14,28,83,64,7,90,3,48,28,73,11,23,70,9,91,64,73,14,84,83,46,91,63,23,18
67,83,21,45,5,87,73,88,3,33,78,6,81,6,31,92,81,2,1,73,18,75,87,2
33,94,25,9,64,36,28,48,57,73,53,96,98,93,99,31,71,57,13,29,88,5,62,42,59,35
86,75,63,48,60,9,74,21,73,10,49,73,19,22,78,15,73,71,66,4,94,75
75,63,75,38,58,34,25,18,72,52,33,20,65,94,94,86,20,56,36,93,75,10,72,42,83,95,60
90,35,57,17,51,84,55,9,70,33,27,42,85,13,63,50,7,9,89,27,66,77,21,93
45,36,23,40,96,15,82,32,72,52,35,57,7,44,27,92,23,22,78,36,37,80,44,46,69,23,64
44,58,86,41,46,61,34,94,76,68,78,0,20,13,9,80,57,37,72,33,11,50
48,83,65,46,52,89,63,51,85,73,37,79,19,98,13,13,26,81,44,26,54,57,36,34,67,25,6
88,9,21,36,92,87,34,96,28,97,47,65,70,36,44,89,86,57,55,12,91,51
97,8,27,31,75,4,89,27,92,50,49,80,94,88,14,91,16,12,90,81,82,27,78,24,13
31,26,30,82,17,27,42,96,10,18,52,0,97,96,50,46,76,97,86,42,88,2,54
36,89,57,14,65,71,53,48,49,84,30,18,11,72,66,22,42,70,74,92,66,76
94,73,25,36,13,79,43,44,67,84,1,33,49,24,87,97,73,71,79,43,34,3,9,8,46,79
38,97,11,28,91,84,5,80,50,37,23,94,56,7,47,90,8,24,29,57,49,52,36,93
39,54,95,37,34,29,27,83,40,56,75,77,13,7,27,2,30,73,59,89,72,1,49,96
6,46,82,42,39,20,33,93,15,71,79,97,98,63,37,6,90,66,72,97,45,74,79,18,85,20
86,69,87,16,27,85,50,21,24,71,54,70,38,77,1,35,28,64,25,86,6,91,58,3,37
34,55,70,54,98,57,75,38,25,54,23,76,75,0,99,82,22,37,59,23,25,39,88
26,46,41,36,2,78,21,36,86,92,43,36,1,70,74,26,25,50,54,0,2,5,82,24,43,94
68,33,87,70,11,34,11,48,36,42,21,24,80,65,67,16,66,38,43,45,15,45,51,15,47,57,50
0,96,70,20,81,10,90,93,44,53,93,32,95,66,56,75,32,76,44,98,14,87,95
32,47,96,31,4,98,54,56,94,76,28,28,86,70,73,82,23,66,14,71,32,71,46
47,42,15,13,29,62,94,13,9,42,96,65,41,2,21,87,79,1,15,65,71,88
95,6,14,66,91,85,64,7,84,7,22,49,88,85,95,54,46,38,50,12,31,53,85,18
87,86,49,58,26,49,5,33,64,71,24,1,88,31,38,47,6,87,87,43,35,41
73,44,53,4,49,39,74,33,26,60,34,36,87,36,42,72,52,65,48,53,53,79,43,52,37,83,40
18,81,22,91,77,75,47,78,14,73,11,92,86,98,29,25,34,71,97,86,36,45,91,42,76,35
14,70,34,94,88,68,68,31,45,44,30,24,10,3,87,55,89,85,84,14,71,7,11,9
8,53,85,85,40,32,51,10,66,97,98,34,66,81,32,62,11,8,72,14,95,27,4
63,70,56,70,34,66,14,42,19,51,79,59,83,30,69,2,28,19,36,94,0,20,56,11,28
77,24,60,33,9,23,4,65,94,38,83,60,32,54,11,12,13,47,42,34,49,70
37,16,57,58,24,68,86,5,98,62,65,31,71,88,35,89,34,25,72,94,58,79,58,70,92
64,79,54,87,36,91,3,94,1,80,14,88,37,12,2,2,44,26,42,31,15,29,57,39,23
18,81,37,63,38,1,94,44,40,30,36,96,76,89,76,43,77,13,55,80,67,51,6,61,35
90,92,64,66,59,83,47,48,98,86,1,92,82,42,74,70,38,3,60,66,46,37,79
69,98,5,27,59,40,52,2,84,17,68,95,0,67,43,98,5,44,42,88,38,68,58,76,71
42,69,8,73,23,77,23,80,57,35,72,9,37,56,26,5,51,78,72,46,28,78
22,18,81,91,76,57,14,95,52,84,3,77,59,32,1,39,41,36,11,51,25,67,29,82,70,8
68,88,84,10,11,2,91,2,31,1,68,26,5,4,81,82,63,13,35,2,55,23,13,58
32,87,30,54,47,37,22,36,73,33,47,28,76,1,59,77,69,85,82,26,18,17
31,52,92,38,28,5,48,28,38,88,11,44,35,48,67,23,73,52,22,1,28,75,12,58,97,97,92
67,9,12,99,14,4,89,94,62,38,22,52,78,33,96,65,33,63,89,7,67,63,8
39,21,6,36,70,50,59,38,60,71,89,26,28,30,20,90,20,94,42,98,28,38,64,61
5,68,21,68,29,69,7,2,27,95,24,78,6,62,90,78,3,68,58,34,40,48,6,34
5,62,80,21,76,34,26,44,8,46,25,29,6,27,9,1,52,39,8,66,29,38,22,49
8,89,96,14,23,38,19,86,18,92,62,5,18,58,65,17,84,94,23,63,55,24,67,94
34,75,74,56,24,70,64,13,18,30,37,56,50,75,75,42,89,32,13,99,97,30,35,43,53,99
29,66,93,66,52,69,40,60,93,63,76,59,81,7,48,90,9,75,17,3,64,49,16
98,98,51,41,3,2,92,85,20,86,51,73,7,43,85,52,6,62,63,40,69,11,30,78,86
81,2,48,50,18,46,0,69,39,4,23,32,89,43,70,40,16,29,83,2,81,42,16,45,34,85,8
15,95,63,48,97,11,50,15,9,51,36,48,55,59,80,44,3,2,36,71,31,71
65,13,41,62,99,78,70,63,45,65,78,94,15,41,96,82,50,47,71,51,2,30,83,98,85,86,86
69,58,34,34,23,28,96,23,58,67,38,4,84,69,50,51,10,46,34,61,94,5,64,48,87,47,99
33,85,34,3,43,20,89,19,0,86,94,59,5,32,15,89,1,65,93,12,63,27,25
84,41,58,23,88,57,48,74,94,34,29,90,55,18,9,55,4,3,66,61,87,81,3,41,46,96,5
23,82,19,59,23,29,82,11,38,83,85,85,17,14,75,24,85,36,32,41,91,98,3,78
6,19,78,2,76,40,77,58,12,36,81,93,70,93,84,53,30,69,23,97,44,47,82,80
23,71,30,78,1,62,84,73,92,86,49,85,15,60,49,3,41,42,74,86,26,79,69
2,66,91,2,0,23,81,75,46,11,54,48,25,38,73,18,77,74,3,44,34,52,48
46,74,14,25,53,83,72,8,1,16,10,53,39,43,29,38,7,35,86,32,73,11
2,85,5,47,72,9,95,0,56,21,14,33,74,50,5,34,51,73,44,5,13,40
51,99,69,89,31,94,52,34,49,89,91,48,61,53,95,61,61,16,76,94,42,26,51,77,29,25
34,90,13,20,93,12,41,82,96,88,86,82,89,75,25,37,37,78,84,50,39,0,78
42,4,37,19,86,62,93,72,4,58,93,97,23,86,31,19,26,17,1,15,92,78,4
57,88,32,96,88,10,82,83,67,71,2,5,85,47,77,89,58,70,86,81,9,17,0,35,86
3,30,31,7,64,40,96,96,89,36,58,23,19,77,94,74,82,79,73,60,68,31,82,6,12,43,75
79,61,69,34,91,53,41,55,45,89,3,34,78,14,9,49,43,3,23,78,34,49,38,54
72,60,45,16,87,61,47,48,83,81,92,36,74,99,33,16,3,68,94,69,77,43
33,19,90,67,20,80,74,52,5,86,49,73,74,63,20,22,46,53,14,34,79,14
47,69,87,41,90,65,37,2,50,8,45,69,28,25,43,32,82,30,82,55,4,45,27,78,91
45,77,12,11,44,59,32,32,53,22,49,42,24,51,50,21,20,30,99,64,62,81,94,96
50,41,64,28,84,97,25,61,9,36,58,20,68,42,73,90,43,15,67,94,17,88,14,47,87,78,62
24,58,58,26,52,74,7,36,71,32,98,32,69,8,53,89,50,78,80,93,46,99,39,63,87,53,63
84,77,48,60,35,6,87,39,80,94,76,4,26,26,88,47,34,93,37,36,72,69,81,18,68
33,55,73,96,82,9,73,82,70,61,88,57,0,21,51,28,77,29,54,65,77,40
14,28,83,83,9,1,51,29,34,58,55,83,93,64,8,75,34,69,16,43,22,37,46,50,66
57,31,53,97,42,67,26,25,2,87,78,5,17,65,63,24,0,56,40,8,84,27,30,0
52,89,17,54,55,93,11,38,98,61,81,17,39,58,19,26,89,76,95,54,39,71
48,12,14,32,91,44,84,61,48,73,30,3,28,75,66,66,73,79,99,90,70,58,61,49,47,37
53,29,68,59,77,32,73,61,23,70,45,36,18,18,67,73,98,94,92,64,68,71
10,42,74,24,91,73,61,87,26,42,7,37,71,39,10,32,62,80,29,51,51,99,18,24
12,68,14,32,40,30,95,34,4,19,77,77,32,64,55,75,24,92,46,63,54,31,78
12,29,38,12,99,14,61,63,83,27,96,75,57,43,9,13,62,86,90,94,2,97,21,26,89
42,44,51,20,83,63,1,73,27,0,87,89,63,22,68,11,49,26,54,58,39,68
82,15,51,79,36,29,21,56,71,17,7,43,0,71,44,73,98,96,12,39,60,35
23,84,86,30,95,25,98,43,59,13,94,39,2,76,60,58,99,77,66,43,29,89
2,39,88,66,79,0,53,39,23,90,25,53,85,2,4,80,62,69,27,53,71,3,13,30,2,42,48
23,37,89,25,76,77,43,7,29,97,46,52,87,23,58,24,78,14,4,40,83,31,93
86,58,37,41,52,85,38,75,22,79,52,98,8,95,6,37,92,4,42,79,28,0,3,58,14,60,98
91,43,4,30,53,41,71,5,78,9,32,0,41,84,51,49,79,9,87,24,13,29,55
81,11,51,47,71,1,96,14,96,53,44,1,94,15,6,25,77,90,25,18,74,28,19
37,58,82,3,87,37,48,20,48,52,67,71,5,16,86,2,69,82,3,15,98,62,40,75
18,45,79,46,64,37,36,23,19,91,62,8,39,35,9,43,54,80,49,70,18,3,39,1
7,99,20,47,26,25,17,23,56,64,39,93,52,62,64,43,77,72,34,12,81,78,66,14
89,32,82,80,33,92,87,84,65,87,10,90,4,85,98,20,25,91,72,39,7,67,16,79,54
13,84,99,27,63,88,59,97,20,93,89,8,29,54,47,92,96,51,77,94,24,2,37,96
96,16,10,28,22,91,41,6,42,20,21,30,79,18,50,24,59,10,6,14,57,98,62,61
9,85,30,98,33,24,95,1,34,23,23,77,16,29,19,36,50,1,67,20,4,44,80,66,50
76,48,8,37,75,69,74,5,68,7,29,15,61,16,38,84,45,54,66,17,42,16
9,89,26,5,69,93,55,67,69,55,75,58,31,97,32,36,65,91,18,80,52,86,70,89,83,76
0,18,23,23,79,12,49,85,33,42,40,0,63,48,28,21,79,25,5,67,42,97,37,74,1,23,44
7,20,49,59,90,73,34,69,37,84,54,23,78,47,23,42,95,3,63,74,28,21,93,22
31,96,71,54,40,66,13,12,15,25,2,88,59,72,78,95,78,1,74,25,76,16
80,31,46,8,52,40,83,22,23,79,46,29,72,12,95,36,27,20,39,68,31,63
27,93,99,1,19,75,69,43,7,0,90,68,5,82,51,79,5,30,25,86,54,89
91,69,1,30,89,85,45,87,64,38,38,17,9,65,86,53,73,38,95,41,43,29,92,23,86
0,72,29,90,54,20,11,7,2,0,44,99,87,8,89,77,25,51,42,11,4,67
51,8,45,32,52,68,70,79,69,42,8,11,48,80,22,8,34,74,52,33,13,61
90,38,25,84,2,81,52,4,32,60,49,16,65,18,86,44,39,81,4,2,29,36,76,37
50,42,55,63,55,29,5,93,55,89,95,36,41,99,21,54,49,37,71,19,76,15,10,57
64,38,7,40,28,29,42,70,36,57,25,17,62,18,72,3,66,61,45,17,34,51,66,23,22,37,99
99,8,60,63,47,19,55,75,0,97,45,36,54,70,53,68,40,78,72,58,91,69,76,25,72
48,94,32,48,35,83,56,95,47,55,66,2,30,66,52,75,54,58,97,59,27,90,89,51
80,72,24,5,44,19,54,90,3,54,77,86,10,72,33,66,90,88,48,8,92,76
50,73,73,29,15,63,80,64,43,4,40,49,0,59,55,42,62,9,19,1,19,43
37,33,74,86,41,66,14,7,69,87,81,98,55,96,31,19,91,35,11,40,36,71,47,78
56,98,86,28,41,73,17,27,99,55,20,18,69,28,87,57,61,37,64,57,68,35,48,4,46
92,17,88,22,55,97,20,93,25,14,18,42,41,18,98,61,88,67,41,27,76,2,64
59,33,75,60,89,22,53,33,91,93,55,98,90,28,44,67,42,62,10,35,32,8
72,27,90,99,56,92,16,96,4,1,24,16,90,98,69,75,41,14,30,40,5,58,36,72,0,98
35,83,94,84,55,22,74,55,30,18,71,26,74,72,2,90,14,52,11,89,94,26,19,86
78,22,7,30,72,42,18,55,88,54,11,62,80,66,92,98,89,71,73,13,73,15,27,78,27,16,72
87,10,88,17,32,47,0,4,41,18,12,30,24,23,92,4,41,37,54,30,8,79,43,33,95,22,11
90,35,79,77,45,19,47,77,66,47,34,8,65,46,38,41,21,82,45,62,19,51
27,31,39,13,78,13,24,4,3,12,83,80,57,2,27,87,68,74,21,28,91,19,66,84,92,49
6,20,33,50,0,16,41,13,46,54,89,50,57,1,85,89,59,87,69,98,7,95,71,36,87,90,54
34,55,5,40,76,38,90,76,54,83,41,52,37,30,2,46,84,87,35,95,26,4,93,85,0
21,39,6,28,62,40,83,67,80,59,57,22,87,63,57,28,15,94,59,17,92,95
27,90,82,84,83,20,36,99,41,75,5,69,89,97,5,9,29,64,66,3,52,30,60,32
6,91,67,98,86,23,77,28,58,61,11,78,97,62,71,24,19,93,66,16,98,75,97
93,0,66,23,12,99,73,18,42,40,68,81,63,46,9,73,59,73,51,9,35,23,33,55,68,99
66,26,21,80,20,73,99,95,38,50,68,56,44,8,77,25,24,23,87,97,34,60,49,43,47
77,54,44,28,78,10,55,51,42,27,76,41,22,14,43,91,23,88,99,0,65,23,75,4,73,61
74,5,64,98,34,70,94,14,48,4,69,51,98,96,80,92,71,94,35,62,69,75,13,21
89,48,97,62,10,14,36,15,78,86,1,48,80,15,49,84,37,52,34,33,32,26,4
62,18,48,89,32,70,82,21,70,80,83,80,94,19,47,24,57,48,24,37,64,73,73
78,7,86,10,34,43,41,48,61,90,37,45,12,20,66,82,52,1,15,46,72,62,70,29,11,94,66
20,91,28,50,99,14,12,85,9,54,33,71,96,22,68,60,94,87,94,46,88,9,44,13,72
94,83,61,13,10,33,4,38,83,55,4,47,40,14,1,25,37,49,48,5,9,94,44,4
85,13,37,98,37,52,92,72,65,57,34,50,62,24,85,17,29,32,10,95,86,35,84,35,35
97,30,86,1,23,71,66,60,69,4,64,13,28,81,71,63,31,85,87,68,54,68,1,64,15,39,0
74,35,41,71,17,27,24,40,50,43,53,71,47,17,84,27,51,7,90,34,44,30,3
50,56,63,66,95,63,65,21,51,6,45,68,85,21,61,35,64,14,6,63,83,43,91,34,2
69,47,63,24,98,66,80,61,32,27,77,97,0,28,56,97,96,93,19,57,81,83,23,39,99
34,90,93,37,23,62,36,39,38,34,5,70,95,89,49,72,38,50,52,94,99,49,40,18,58,21,54
60,53,41,47,95,34,84,70,49,72,61,87,6,18,58,53,7,59,78,46,61,30
61,31,32,31,90,5,85,24,18,90,65,65,85,99,49,56,48,73,17,88,79,88
84,95,57,62,41,19,93,34,80,24,18,11,66,24,49,90,42,39,55,59,77,55,60,85,55,33
43,12,42,41,96,38,99,11,31,18,4,65,50,80,36,61,47,60,10,89,54,2
65,79,52,25,64,59,58,18,3,22,61,96,70,99,95,81,30,65,37,48,15,70,36,29,69
91,58,2,93,55,19,72,59,44,88,71,2,7,74,76,20,22,46,71,70,80,53,35,69
3,39,89,32,60,37,23,71,91,69,26,10,41,38,54,82,9,8,41,35,36,61,57,83,84
15,89,15,84,43,70,76,84,2,36,22,77,59,65,46,86,76,40,76,82,74,37,43,15,72
28,81,14,64,61,29,53,28,66,96,98,94,81,52,82,55,81,42,20,80,80,48,72
31,46,45,74,13,69,53,41,50,68,5,63,49,10,91,15,59,89,61,40,93,44,47,75,86,67
66,16,27,74,99,73,19,73,86,88,78,79,90,98,36,54,0,46,97,67,5,87,29,97,32
44,7,59,64,62,77,32,41,51,31,14,22,56,52,10,86,83,52,37,19,6,37,18,4,4
43,33,73,75,6,69,83,17,33,97,46,17,39,97,0,5,71,56,10,33,95,93,86,32,65,92,69
48,73,58,91,7,31,19,65,1,54,35,86,3,81,4,42,31,4,0,2,13,10,36,8,55
40,20,66,61,3,67,34,62,10,93,45,29,11,46,35,46,85,39,79,41,33,10,97,33
10,95,1,70,51,75,62,71,93,23,75,60,10,89,71,55,34,52,66,33,88,12,18,27,92
60,54,8,46,19,71,41,72,93,92,47,56,64,93,31,91,53,93,80,76,49,66,29
99,69,80,69,96,24,80,8,78,41,54,98,12,48,70,5,92,70,13,8,15,97,99,20,90,31,97
98,78,55,49,47,87,19,43,11,51,3,89,92,10,39,56,58,10,14,2,32,79,11,47,76,62,19
94,16,6,44,94,13,93,41,0,64,36,11,68,92,1,12,2,92,69,12,2,35,14,86,14,77,85
40,5,10,86,73,68,30,20,82,75,61,34,92,50,46,60,94,99,72,96,91,93,60,46,28
84,95,4,22,38,96,27,48,34,52,68,64,72,50,91,86,37,83,88,83,43,82,34,68
77,61,90,23,42,16,60,37,72,82,27,20,61,27,54,13,95,70,86,98,62,24,35,97,12,18
94,4,61,24,81,74,14,57,16,82,69,53,7,51,80,27,64,7,34,29,3,4,67,53,18,91,88
3,6,13,97,62,74,21,43,0,87,52,17,22,21,70,29,24,3,8,88,62,94,18,17
85,70,69,77,58,89,32,16,2,30,78,28,3,74,29,43,78,46,65,0,68,94,24
54,65,86,49,83,55,0,20,26,21,97,36,11,82,53,65,12,83,46,67,9,75,10
73,75,88,93,21,64,69,76,29,7,77,12,62,77,85,40,98,82,77,61,64,82,79,28,17,25
27,52,58,67,77,34,55,70,7,71,39,83,1,46,60,65,61,89,50,1,40,85
1,1,12,32,82,30,57,30,57,9,40,24,86,74,31,9,34,54,0,69,7,99
25,60,71,27,61,11,12,92,65,66,4,97,0,34,7,30,43,16,70,19,55,97
16,83,57,16,52,64,15,34,89,75,6,17,89,69,81,81,34,99,85,84,99,72,91,81,15,59
35,66,53,89,82,36,46,99,40,63,66,75,4,42,33,21,83,2,55,64,89,54,49,73,6,73
39,89,75,43,76,42,48,65,24,36,64,75,77,27,94,52,83,88,85,5,71,39
35,28,18,36,53,76,10,69,16,51,45,11,79,39,60,96,15,48,60,43,25,39,37,29,23,25
80,96,6,44,83,34,62,19,40,39,81,9,55,84,6,18,63,97,30,60,13,79
56,4,12,45,86,87,70,52,67,18,58,63,1,45,25,72,85,64,6,46,71,90,53,90,54,50
66,15,51,38,23,8,50,68,94,89,90,98,8,60,57,71,13,54,97,38,91,13,44,37,37,86
79,92,45,51,58,12,3,97,36,63,47,56,57,37,99,7,45,59,64,17,25,70,66,63
79,59,3,16,45,45,47,38,42,99,96,55,54,93,43,17,93,51,26,82,2,33,79,62,50,48,39
66,2,34,46,13,89,14,10,34,14,48,29,13,97,36,67,42,31,36,87,82,62,21,85
1,99,97,1,90,18,68,44,4,66,57,93,32,67,79,46,68,60,11,17,96,30,59,79,66
62,28,68,99,76,21,50,73,75,92,43,95,36,99,61,45,44,45,12,76,44,32,36,55,49
86,9,64,52,8,78,33,28,29,9,2,79,34,77,23,78,72,59,29,85,4,74,30,69,50
1,86,82,51,23,68,12,88,72,20,66,5,0,96,66,2,27,1,31,51,79,55,62,8,40,67
23,88,84,49,89,23,31,92,46,99,4,86,24,76,5,29,77,1,96,31,80,49,63,83
18,46,40,11,65,75,34,53,11,83,94,34,15,87,33,66,91,71,90,20,76,72,97,77,68,80
69,95,45,49,14,43,89,77,8,64,11,13,76,46,8,62,13,47,47,80,90,19
10,95,94,59,25,14,40,87,83,35,32,32,1,76,74,78,36,38,41,2,66,40,62,81,53,9
85,99,99,8,10,95,54,21,72,21,61,11,56,97,43,41,50,71,15,29,60,53,22,62
62,24,53,16,33,81,53,84,81,61,46,28,68,68,52,89,29,63,45,78,58,86,29,30,1,10
7,84,4,79,47,28,84,15,13,65,68,97,98,82,96,78,50,64,82,91,45,45
76,56,27,5,38,80,67,80,39,51,84,18,50,12,54,65,77,20,86,26,70,68
1,70,38,83,13,84,81,53,60,37,80,17,75,61,36,55,0,87,39,71,90,3
55,32,97,93,58,20,13,33,21,83,23,4,48,59,85,2,71,74,82,88,49,95,76,56,48,16,47
6,2,96,13,34,46,7,45,18,20,30,39,56,53,95,56,13,33,58,84,7,93,25,9,40,1,65
17,13,59,75,15,8,89,2,6,96,47,24,68,77,63,76,30,10,33,95,43,43
3,36,57,12,77,10,29,17,28,42,29,55,10,37,44,12,43,92,11,67,61,88
37,70,92,22,18,88,66,50,91,2,7,55,31,17,84,1,97,27,30,53,89,67,97,53
42,64,81,3,4,63,92,26,55,15,44,95,81,94,86,35,53,41,67,71,78,20
57,50,25,46,69,23,99,31,65,63,12,20,19,27,64,45,34,79,90,30,12,36,16,48,90,10
13,88,87,85,97,37,11,43,6,86,94,89,3,57,1,23,76,80,87,73,14,19,63
31,52,13,79,94,23,98,59,63,85,44,12,22,55,55,80,41,49,69,96,58,22
86,2,59,59,17,30,75,13,61,27,26,93,73,1,43,32,16,29,76,28,3,84,83,84,77
5,74,94,80,45,80,34,4,40,3,86,67,17,0,46,43,45,19,45,88,51,13,17,79,42,21
77,57,93,62,14,67,56,46,12,89,81,69,81,84,7,48,53,7,94,97,52,65,94,41,16,7,58
1,31,63,79,40,56,93,55,75,49,1,39,90,34,60,71,19,68,19,24,75,65,21,28,30,67,21
27,31,98,28,63,61,7,55,69,52,62,96,54,64,35,44,50,96,16,21,16,87
91,53,67,71,35,87,92,86,14,76,84,94,91,97,54,46,66,6,9,14,60,25,49,5
97,73,97,13,60,43,57,65,62,80,1,49,25,87,15,1,23,10,92,20,64,38,38
47,52,83,24,53,40,0,51,13,97,16,73,92,73,39,54,54,92,56,79,79,71
54,33,24,26,49,14,64,72,14,68,7,38,73,47,38,76,60,87,93,33,31,18,24,86,24,16
55,47,65,87,1,51,11,27,0,78,43,24,92,63,31,30,37,78,21,13,90,60
24,92,77,0,78,1,17,72,9,64,89,96,66,40,60,45,93,38,41,69,30,4,53,12,93,83
59,74,94,17,50,86,46,50,16,0,67,40,9,32,81,5,50,74,17,47,67,55,88
37,45,41,50,90,25,35,49,99,29,19,49,67,65,51,35,65,19,75,74,3,57,32,5
49,52,50,57,93,38,94,90,32,96,80,57,32,82,56,13,53,57,81,18,8,68,36,79,96,62,34
46,39,88,96,92,38,5,37,28,51,27,60,48,59,69,80,41,77,93,94,34,26,65,95,95,1,26
15,61,48,62,0,36,10,44,26,15,33,54,66,60,67,66,20,36,46,13,14,92,8,0,70,25,47
26,74,60,93,87,8,55,39,44,65,36,70,32,69,77,51,30,44,17,2,32,16,15
8,75,51,30,0,98,48,78,24,8,72,11,17,27,3,61,45,39,84,29,8,61
90,57,50,92,41,66,60,40,26,35,91,56,36,41,4,14,66,13,86,29,82,66,84,95
23,79,44,84,40,77,26,49,27,19,91,93,31,31,19,66,74,27,2,67,32,69,33
7,15,79,25,99,74,40,75,54,85,11,46,62,37,96,89,8,39,34,39,22,5,6
32,60,15,16,81,49,13,89,16,92,66,67,19,7,42,73,92,53,71,6,91,19,47,51,58,33
32,38,49,80,22,9,96,91,43,97,4,84,13,49,50,80,20,9,75,45,1,80,16,59,71,88,6
46,39,66,31,29,15,11,4,76,7,95,19,4,51,55,17,0,6,50,72,15,25,17,69,5
28,29,22,87,4,20,78,22,51,60,89,63,64,65,22,11,37,27,62,92,96,15
98,87,66,23,5,87,81,91,67,62,13,6,18,85,85,92,89,97,81,52,61,46
24,35,53,86,28,2,1,30,0,41,96,76,46,35,57,89,3,71,54,9,41,39,46,33
43,14,32,56,12,59,80,48,12,19,28,14,72,58,67,13,7,43,11,94,0,52
23,6,59,16,46,57,49,26,53,15,59,61,27,18,94,27,82,13,7,49,37,18,16,51,77,59,14
11,67,21,86,73,32,2,71,41,51,98,94,18,57,8,45,27,2,25,61,15,84,10,52,2
55,31,89,22,3,0,41,76,38,66,60,40,38,1,43,88,48,61,45,56,59,24,58,36
25,20,48,29,75,78,37,6,68,59,61,20,52,37,59,18,49,99,8,3,95,96,51,56,93
67,17,69,3,55,46,24,55,75,99,33,64,57,53,75,19,74,27,8,33,98,58,84,6,61,31,3
88,96,75,7,66,96,11,21,42,87,28,69,38,61,34,95,15,9,14,41,89,23
87,81,62,93,94,94,48,10,34,97,37,41,63,33,52,36,75,39,64,96,29,77,82,25,44,44
85,33,62,63,72,95,26,65,41,20,66,3,54,63,40,95,78,73,0,14,0,91,30
21,7,31,46,52,75,37,89,60,0,53,32,47,31,50,41,51,16,44,57,31,85,52,9,10,4,23
96,53,12,69,12,95,15,16,71,52,6,31,4,11,16,4,42,66,45,45,34,41,2,65,78
26,41,63,49,4,59,54,68,28,66,63,95,83,34,99,41,18,56,4,86,12,98,52,57,95,38
49,55,29,55,81,22,70,82,26,29,36,94,9,54,9,56,89,96,8,82,66,64,86,52
36,56,85,31,94,87,80,49,68,88,82,90,58,64,16,40,0,62,1,6,24,10,96,20
78,86,82,17,38,10,53,94,47,37,40,34,17,41,3,57,23,93,68,87,62,8
76,61,45,0,71,93,20,89,72,6,23,41,96,33,94,90,80,83,82,15,1,23,70,10,46,63,78
25,38,24,54,0,22,54,23,15,75,13,87,33,36,80,30,22,27,72,54,10,55,21,11,30,91,74
7,52,14,32,43,91,38,43,13,93,66,28,20,31,68,53,20,0,35,94,27,8,48,38,15,22,1
13,75,26,20,80,93,5,23,84,43,66,49,88,84,29,8,16,97,14,88,98,49,82,25,9,30,15
52,17,74,18,92,0,90,72,45,95,95,29,91,13,30,79,50,60,40,18,9,54,6,7
88,85,17,70,52,93,23,69,67,93,62,20,83,86,65,31,82,47,74,47,77,5,97,37,45,15,47
21,6,59,9,43,76,32,96,69,7,65,89,0,79,9,83,66,26,66,0,73,40,47
46,45,92,43,60,39,95,34,98,6,95,93,82,27,89,3,34,7,92,34,38,53,70
32,88,56,57,29,4,60,27,1,53,70,13,44,17,47,42,23,95,36,5,22,77
57,36,53,43,75,7,65,31,39,54,88,96,35,44,57,62,45,62,32,58,6,50,58,1,25,5,89
27,66,92,36,3,45,32,30,52,97,61,43,3,49,40,38,93,49,0,90,63,85,1,21,87,59,22
64,11,95,43,30,87,32,33,33,64,63,37,61,76,81,17,26,73,55,71,74,8
37,93,63,58,32,74,33,44,90,44,40,85,74,79,17,59,12,81,74,2,95,51
12,29,8,19,52,34,27,14,71,72,29,81,4,55,14,1,97,11,93,83,85,72,52,97,37
71,39,81,74,74,45,55,34,64,8,68,44,74,91,68,56,72,73,63,39,26,61,50,19,96,35
48,84,28,34,8,19,15,82,93,60,38,27,25,98,47,21,72,38,89,28,63,14,44
40,5,52,59,1,39,3,1,24,31,36,32,51,51,14,96,12,4,76,89,2,23,10,27,14,51
77,66,51,79,6,8,31,18,61,70,21,63,94,4,99,26,7,2,93,4,66,49,80,55,4,55,17
69,69,90,46,87,94,25,93,2,56,11,64,79,84,27,25,89,78,52,96,80,97,52,47,98,32,54
40,24,37,9,45,28,8,32,74,33,25,76,42,89,92,21,73,19,46,14,49,50,11,30
63,29,50,48,83,4,88,59,42,49,4,70,57,36,44,43,14,72,85,55,65,58,80,36,56,95,86
58,68,58,73,97,60,21,32,65,61,44,7,63,48,77,20,37,73,63,51,97,0,6,62,58
51,15,33,37,26,91,5,36,65,54,97,38,38,62,0,82,69,63,31,98,35,68,71,99
68,51,29,83,10,67,34,77,1,23,3,92,80,39,9,34,36,48,24,98,0,7,19
90,17,50,10,88,1,81,9,53,62,44,63,29,78,92,30,53,47,75,33,86,84,19,75,32,43,25
50,45,47,92,62,98,2,3,51,35,12,4,49,8,19,79,38,11,61,91,10,36,24,97
43,24,5,38,49,90,89,46,89,33,9,39,88,12,91,75,76,95,25,84,67,4,74,30,65
41,54,41,90,27,84,14,84,22,15,74,63,62,64,49,71,55,37,35,46,12,63,94,37,99
93,73,91,11,38,84,65,79,74,44,15,88,28,89,4,55,53,18,71,2,41,26,91
73,3,39,67,93,90,80,86,63,71,97,53,8,14,32,82,58,99,71,39,88,27,94,93
65,47,38,91,38,14,64,42,5,83,35,95,63,73,10,87,71,63,95,37,47,77,48,46,0,87,34
81,80,76,98,27,14,89,66,80,6,60,85,41,47,32,5,20,94,44,43,57,91,81,4,20
2,73,68,89,52,49,69,81,99,96,95,88,14,76,46,74,13,88,21,98,45,94,92
37,2,32,18,58,4,99,61,77,67,50,82,68,71,63,67,19,58,8,34,86,54,8
42,82,50,39,76,94,80,13,96,12,84,7,69,35,68,46,3,70,28,23,41,43,91,12
99,46,40,5,55,92,48,89,94,39,65,89,20,30,37,84,14,44,53,50,64,0
34,80,28,27,24,71,40,78,22,38,18,28,45,63,28,34,57,67,51,98,87,82,36,72,48
25,50,97,77,7,83,10,36,63,86,59,55,64,82,93,34,10,91,97,38,25,7,5,77
45,11,93,17,11,78,94,62,75,24,69,10,34,57,25,72,17,80,36,99,26,22,61
72,99,94,31,56,23,88,1,86,82,70,98,60,65,60,87,41,81,49,27,39,75,99,8,7,87,59
9,20,2,33,71,97,64,27,72,53,81,59,87,51,57,99,68,69,86,9,50,35,36,41,62,35,49
22,60,55,84,80,58,17,3,7,34,83,79,87,64,90,26,15,47,25,36,16,63
19,98,82,60,13,69,62,83,44,22,38,28,55,96,97,10,55,83,93,87,22,57,77
25,77,73,61,45,36,6,64,87,40,77,0,10,91,35,54,65,73,34,20,22,31,31,29,15,76
37,34,94,38,11,23,11,72,68,0,30,33,39,71,62,39,33,53,26,87,18,99,73,91
4,74,3,71,50,19,61,36,65,99,47,40,62,71,9,62,2,94,1,25,8,92,58
18,97,31,70,70,74,43,26,0,98,98,51,70,11,39,87,10,87,28,24,10,89,87
83,40,89,91,85,47,4,55,96,87,25,66,62,21,45,62,71,95,65,41,6,5,81,68,44,9
54,98,31,19,33,72,8,76,9,8,80,64,4,67,90,23,81,63,68,96,34,63
76,21,18,57,89,62,18,81,69,68,65,88,1,89,96,29,98,4,61,62,61,80,52,84,62
52,58,2,67,71,30,88,90,39,77,4,57,10,73,77,27,13,30,16,62,59,14,66,20,77,79,0
63,14,49,67,72,3,34,96,33,22,86,72,51,90,81,14,16,10,41,29,40,58,91,99,24,10,71
89,23,83,53,38,84,72,62,87,7,58,72,81,44,96,85,87,29,51,3,39,44,32,79,2,76,30
86,1,80,27,24,15,32,62,99,5,25,38,64,83,10,97,80,58,82,67,87,33,22,26,30,6,5
82,87,63,20,88,44,48,65,11,32,79,63,37,56,1,53,92,64,51,72,22,33
10,19,13,88,49,71,94,33,54,81,97,26,22,93,26,39,4,59,18,67,48,75,21
67,85,53,39,59,38,82,69,9,47,58,58,18,4,44,72,37,93,51,11,86,77,50,42,88,69
89,96,83,91,63,68,96,54,27,34,36,49,44,83,59,54,1,15,98,26,4,43,29,16,29,58
72,47,39,34,88,35,17,79,98,37,27,4,16,61,92,17,57,27,76,64,81,43,14,7
58,88,16,87,46,34,11,45,74,97,33,9,66,64,60,55,91,64,72,5,57,89
84,18,78,65,61,93,24,61,51,64,77,90,11,12,54,8,86,51,42,47,70,6
25,50,24,49,7,33,91,21,17,61,0,35,74,45,11,36,96,76,13,38,87,77,92
15,96,89,63,66,48,22,43,50,46,93,57,79,84,78,49,45,30,36,19,75,47,7,23,23
62,62,50,6,62,66,2,51,81,68,51,3,12,1,2,57,58,33,93,89,82,90,71,70,61
18,69,22,93,42,36,8,92,95,70,10,97,73,91,18,25,47,82,78,1,39,89,34,32,78
22,1,39,35,0,9,4,75,55,46,11,63,91,58,85,53,56,10,97,26,35,44,8
97,99,55,31,83,85,52,57,86,92,92,87,53,97,14,8,95,77,23,86,36,8,92,92,19,89
6,85,78,72,82,77,79,65,60,64,18,17,3,62,9,90,15,6,4,24,54,33
92,69,8,84,61,79,73,31,85,58,61,10,92,38,89,58,50,6,76,67,9,38,29,51,53,87,7
41,40,77,34,10,37,70,23,16,44,7,53,54,68,63,47,59,5,57,9,11,33,29,20,23
23,28,45,30,58,39,70,87,73,32,24,43,56,40,39,63,45,46,83,9,45,42,66,2,52,77
81,49,10,91,24,38,36,54,48,27,76,35,0,9,59,96,65,51,87,80,97,85,63,58,30
24,84,10,53,71,43,54,33,34,78,24,22,84,72,50,60,8,2,69,19,50,86
90,66,20,75,82,30,6,40,6,90,2,11,14,45,17,47,31,47,71,5,31,96,7,91,56
13,75,12,99,98,2,66,70,30,0,52,36,40,58,78,42,21,92,39,38,92,22
63,27,68,11,35,60,67,97,25,43,61,24,93,16,42,16,46,42,68,34,34,27,12
0,57,15,39,49,37,76,64,17,45,76,4,57,43,53,82,38,66,58,84,82,1,0,80,95,68
30,47,79,58,48,88,26,39,89,15,15,53,32,60,81,88,17,77,41,99,15,8
99,42,11,51,23,58,20,89,40,19,20,51,67,60,77,6,49,44,22,3,29,34,84,17
61,11,3,29,71,61,80,13,24,32,88,35,4,30,75,23,2,26,43,63,55,1
0,75,67,29,10,52,46,62,65,9,17,46,80,79,27,46,55,11,34,90,15,16
90,19,96,33,82,52,35,46,4,62,14,33,72,18,31,86,35,93,4,82,73,35
19,42,72,6,85,87,22,3,29,41,51,63,75,55,50,22,59,12,88,44,37,6,28
41,21,79,75,94,66,36,66,9,60,72,46,99,94,1,29,88,52,92,15,8,94,89,19,58
64,95,83,92,23,77,65,54,52,11,21,41,77,82,1,1,28,1,96,81,82,36,33,74,51
20,41,13,78,18,29,26,54,73,49,83,38,55,87,49,76,28,79,10,82,80,90,35
71,17,16,57,43,68,50,63,61,15,93,31,44,71,85,17,72,20,7,28,8,9,56,88,88,19
20,9,57,49,33,74,65,90,69,85,92,32,46,8,78,30,52,49,67,22,74,88,29,2,96,38
36,78,29,59,99,39,16,0,24,43,17,14,12,3,58,97,1,66,75,31,71,76,99,45,50,87
4,35,65,15,23,43,96,82,94,35,99,94,59,42,12,25,54,67,84,51,68,2
0,73,55,51,18,57,90,45,14,77,10,81,0,5,77,83,0,65,34,46,76,28,10,2,82,77
86,46,40,16,98,66,23,49,36,81,91,33,47,68,95,28,68,1,5,3,53,70,37,51,47,17
1,0,39,39,38,85,31,6,35,49,30,36,86,63,27,19,10,47,15,38,16,68,95,71
66,61,24,13,78,86,14,30,26,5,20,63,36,27,99,86,9,87,24,72,15,43,82,62,10,72,30
