0,3,2,45,69,52,29,55,67,55,29,75,22,92,15,87,82,61,46,21,49,60,99,99,72,10,61
0,25,76,53,59,20,44,89,42,83,88,80,86,21,49,13,71,35,68,77,34,51
0,98,66,34,95,93,1,89,86,48,9,76,29,50,16,28,0,52,34,3,82,74,98,74
1,5,84,69,30,64,75,86,51,89,7,49,57,69,30,84,73,8,70,76,63,58,9,97,35,2,14
1,38,30,29,95,97,32,32,46,56,94,25,60,68,66,2,37,19,44,38,74,17,93,74,9,66
2,2,70,92,1,45,64,27,52,6,60,13,6,29,99,26,55,38,80,25,14,35,97
2,71,48,96,90,33,78,89,69,11,29,63,88,10,2,42,53,29,41,8,51,86,47,94
2,76,18,83,34,49,49,8,47,50,27,36,7,80,53,10,62,81,65,32,94,80,88,15,4,83,32
3,30,14,63,77,4,8,53,88,52,38,51,53,96,76,74,89,96,93,66,70,75
3,57,55,50,96,49,82,58,48,5,2,24,23,95,84,25,83,53,74,1,33,91,85
3,57,59,81,4,98,85,30,38,34,16,35,94,29,35,15,97,25,47,84,99,79,48,88
3,98,25,66,82,8,82,88,26,65,43,72,86,50,55,10,86,37,90,42,89,51,56,64
4,1,23,80,74,0,26,64,66,66,48,19,34,49,62,55,50,28,90,31,89,90,97,93
4,8,87,63,18,72,95,84,86,63,25,20,49,19,27,5,59,45,43,48,24,71,25,28,56,72
4,36,62,61,0,57,50,32,17,25,69,47,84,62,93,31,41,18,80,58,83,85,40
4,40,17,29,78,70,8,57,94,60,59,47,91,46,62,18,96,87,24,38,37,81,16,90
4,42,40,21,5,39,36,5,23,90,29,36,15,99,12,83,31,90,77,60,73,65,78,27
4,63,88,68,93,69,35,31,41,1,36,88,73,95,55,9,13,92,85,74,54,91,72,35,49,29,44
4,74,70,35,39,60,30,36,22,99,95,26,46,59,27,74,98,76,3,94,99,81,90,55,2
4,75,78,91,91,96,63,51,80,4,48,28,41,51,2,14,37,77,64,71,54,64,99,54
4,98,92,78,79,42,46,71,94,79,39,23,85,36,33,66,37,57,96,40,68,93
5,4,22,1,37,8,71,73,5,9,12,46,11,15,65,72,71,39,4,12,95,46,79,36,52,79
5,55,4,84,51,13,95,97,62,44,32,16,34,58,43,30,76,58,83,16,16,65,93,89,47,82,50
5,59,1,79,41,97,57,41,81,83,1,25,87,88,68,65,76,62,45,72,38,47,79,21
5,61,2,60,37,91,92,90,9,86,8,10,18,34,90,22,13,84,44,34,41,86,3,65
5,65,62,5,2,62,13,51,98,44,80,70,4,63,26,90,28,57,66,93,71,25,60,6,88
5,67,3,37,97,71,61,79,4,22,41,90,68,0,90,1,55,73,3,48,92,73,72,78,76,34
5,73,39,48,26,34,83,39,99,81,44,47,66,11,75,59,23,39,63,92,9,86,85,25,67,65,15
5,77,11,96,28,99,81,41,67,41,15,17,53,4,76,27,49,3,3,21,94,70
5,85,6,21,27,2,96,11,7,81,91,17,70,64,95,88,67,44,67,80,38,7,4
6,17,54,21,47,3,44,68,45,28,17,17,87,4,78,41,0,4,17,10,17,3,3
6,39,92,92,84,30,78,40,39,39,51,75,45,28,54,14,36,26,50,36,92,4,65,47,2,59,5
6,42,33,9,99,17,33,68,74,39,54,70,24,3,20,90,58,14,30,67,5,32
6,49,85,88,74,64,50,43,85,51,2,92,60,37,48,31,64,90,30,45,97,60,49,32,64,16
6,57,68,93,2,4,86,20,36,97,68,26,98,10,21,6,3,15,8,61,74,19,61
6,67,2,36,53,99,41,12,0,72,5,98,81,47,31,65,48,56,4,88,76,21
6,74,85,66,14,3,14,4,94,98,25,50,44,2,77,74,87,14,7,50,76,79
6,76,44,1,91,82,0,79,22,33,59,98,82,83,11,78,1,92,11,96,94,44,77,19,72
6,93,91,31,2,4,30,54,32,15,34,51,78,25,72,3,23,93,82,25,55,29
7,39,22,58,58,37,8,69,55,15,89,96,0,88,95,51,58,20,93,6,36,43,14
7,39,28,18,55,33,2,30,55,77,80,30,40,87,6,42,54,54,14,75,0,74
7,47,69,60,26,59,54,75,82,6,8,91,99,88,49,82,21,46,92,54,41,37,20,95,77,71,18
7,72,54,23,42,55,43,78,15,11,8,43,45,74,11,71,87,77,28,10,69,38,71,81,35,53,82
7,90,45,7,99,77,1,30,26,86,7,82,0,63,25,75,94,63,79,15,73,28,54
7,99,28,99,95,64,43,39,82,36,61,69,4,28,41,51,62,66,46,25,22,61,84,56,35,4
9,5,39,29,2,53,83,69,27,90,83,47,11,19,82,78,72,89,78,83,12,57,90,8,54,87,99
9,8,18,11,13,54,80,95,19,7,81,22,96,40,71,53,9,1,89,34,9,59,10
9,9,14,68,21,6,47,58,97,72,44,99,56,32,47,21,49,89,11,53,72,12,33,54,84,63,35
9,11,94,97,96,34,53,38,74,27,96,65,63,53,88,6,82,76,73,81,89,8,65,79,38
9,36,62,12,48,87,34,23,40,99,68,90,8,27,29,93,96,60,87,9,44,75,6,10,70,14
9,71,84,99,16,1,94,26,84,63,70,21,94,22,10,93,21,76,16,14,58,68,2,91,18,12
10,22,34,91,34,39,30,84,88,13,19,15,74,45,86,79,23,32,29,33,32,93,27,58,59,62
10,24,45,8,12,13,87,63,9,24,66,61,29,58,63,92,49,56,79,56,53,90
10,48,96,45,49,78,41,55,51,50,70,32,22,74,81,39,98,65,88,16,3,73,21,65
10,54,32,39,81,29,70,57,77,69,15,15,79,9,36,30,96,18,10,62,43,44,33,17,1,95,22
10,79,6,43,67,94,40,34,31,16,26,15,76,26,5,77,71,57,20,29,82,83,16,49,82,9,35
10,83,30,16,6,18,31,2,94,21,55,31,24,36,82,28,4,51,61,14,23,10,31,48,97,36,59
11,10,2,75,75,90,65,46,38,10,1,36,21,3,32,94,50,12,35,79,51,19
11,16,53,32,75,22,75,98,23,62,7,75,50,15,96,20,21,93,60,77,66,32,46,1,65,72,32
11,48,40,47,1,19,74,83,86,49,58,58,81,6,31,50,63,28,44,24,86,2,84,7,76,8
11,55,67,1,27,63,39,52,79,96,1,92,21,31,98,8,91,13,63,91,51,87
11,77,96,85,98,3,66,79,7,14,37,70,65,44,75,71,69,32,7,11,40,17
12,3,79,26,81,45,91,63,1,86,69,2,81,37,83,52,63,19,19,61,5,10
12,31,96,33,52,96,51,16,82,94,24,70,2,75,79,61,11,61,56,47,34,5,72,76,76,9
12,44,75,89,32,69,91,39,77,12,27,77,72,40,21,45,65,57,61,90,25,6,12,2
12,66,43,60,47,93,34,46,81,29,8,71,12,1,21,12,48,66,79,36,54,12,32,66,9,31,23
12,87,32,40,90,8,28,78,44,3,6,96,22,38,32,25,16,69,85,32,27,61,28
12,87,74,63,0,40,2,7,50,36,62,49,11,62,0,67,63,33,21,14,20,41,81,49
13,1,53,34,95,23,83,62,61,63,92,34,4,37,4,2,8,38,48,11,22,23,55,74,92
13,38,43,97,61,69,6,52,46,64,48,76,86,49,28,96,70,26,43,56,68,8,36,82,62,34
13,52,18,33,8,58,50,78,25,90,17,43,60,22,27,77,77,39,49,73,98,71,8,88,18
13,88,89,70,95,45,55,46,58,50,96,21,94,28,89,29,38,84,11,66,42,95,83,59,12,76
13,96,0,47,5,59,58,81,66,90,9,89,48,3,43,36,94,17,49,87,75,77,52,5
14,17,0,22,33,48,27,60,26,70,3,23,33,6,55,37,54,35,31,58,37,45,95,14,10,66,21
14,29,78,28,72,30,26,47,0,43,99,88,43,99,90,32,35,45,77,85,13,64,48,56,72,96
14,35,39,91,47,45,80,58,75,52,86,71,87,20,85,89,59,0,1,15,19,63,63,70
14,56,4,2,53,96,30,27,87,30,40,27,32,48,22,59,41,1,81,96,59,82,96
15,38,29,79,51,68,96,14,96,71,6,27,45,24,24,53,50,55,2,7,51,45,36,33,39,72,77
15,40,31,91,81,53,17,74,54,94,24,66,4,30,76,51,66,25,84,19,13,12,0,36
15,52,44,11,63,26,60,1,55,18,33,29,58,78,85,64,28,46,72,35,8,62,69,5,82
15,78,12,21,15,15,91,39,74,81,82,72,37,22,22,63,52,55,37,34,82,80,1
15,79,68,16,40,56,78,52,56,65,86,79,57,85,0,47,45,27,28,91,75,88,30,85,84
15,85,27,29,21,41,93,70,46,70,81,94,51,32,75,92,0,17,59,69,70,64,45
16,7,48,41,62,25,83,74,3,33,92,43,84,11,24,51,85,3,1,96,41,35
16,12,37,69,41,70,1,56,44,12,99,84,99,99,93,87,80,33,41,95,27,69,62,87,72,25
16,76,74,10,35,73,39,34,68,3,29,60,38,65,21,7,22,49,0,73,11,66,71,88
16,81,64,16,38,80,80,52,50,5,63,65,38,46,89,63,84,1,6,60,78,18,61,96,65
17,15,94,17,72,81,58,63,78,43,21,18,37,95,71,73,65,45,39,49,74,68
17,20,91,72,59,42,64,88,71,10,60,9,31,16,81,73,6,79,95,33,11,33
17,27,78,83,45,30,6,30,78,85,43,57,55,46,32,89,5,87,78,59,22,9
17,49,30,89,49,63,79,62,85,80,55,9,53,15,22,68,81,77,18,46,51,19,74
18,55,21,96,96,96,18,94,80,53,78,98,71,95,84,3,11,15,66,96,22,91,67
19,60,83,89,45,96,37,3,22,21,34,74,50,81,77,0,28,0,35,63,11,48,56,16
19,61,92,4,36,65,89,13,18,73,40,86,77,76,68,47,5,18,90,30,79,99,5,16,12
19,75,71,74,12,64,64,20,9,28,37,67,38,84,66,2,59,23,9,5,27,8,73,87,82,50
20,0,68,26,65,31,78,45,67,73,50,32,15,71,71,9,16,47,36,87,21,32,41,46,90,34
20,7,29,81,52,48,6,11,98,55,5,54,25,5,36,42,8,10,28,9,64,35,26,58,47,74
20,28,36,28,53,32,74,30,74,38,0,31,83,1,21,52,32,84,68,15,95,32,87,98,98
20,50,98,77,60,69,74,69,29,72,65,80,58,36,4,35,47,43,17,51,11,7,99,96,66,53
20,59,17,91,23,48,87,56,52,35,8,69,70,54,45,40,56,72,20,69,83,81,25,30,67,83,55
20,74,25,17,66,94,10,32,32,66,15,82,48,69,91,27,30,98,98,18,37,63
20,84,60,68,78,28,82,65,68,73,13,13,5,71,40,57,9,12,97,81,49,38,92,1
20,88,57,3,1,22,15,48,16,57,79,37,58,85,6,16,77,15,74,38,71,84,50
21,64,52,9,50,46,18,33,50,92,17,55,13,7,71,45,78,1,67,58,72,37,94,39
21,69,8,6,69,62,25,19,38,0,2,36,55,33,85,12,42,45,31,91,89,27,62,5,69,43
21,93,54,97,38,47,16,66,9,69,23,41,99,45,57,11,38,70,25,6,72,38,27
22,1,41,23,21,7,61,62,66,2,98,65,74,48,27,27,12,27,53,48,39,14
22,46,87,95,10,38,83,93,50,0,94,45,14,88,35,33,44,12,45,99,4,89,76,41
22,48,83,80,67,18,93,73,57,42,86,86,21,62,51,93,40,64,80,90,40,1,90,19
22,54,78,89,61,79,37,28,82,67,42,98,44,99,6,97,39,11,88,90,64,36,19,90,77,15
22,73,37,0,67,66,74,21,62,6,2,92,94,33,50,57,64,30,28,76,37,59
23,18,17,51,87,48,0,50,89,84,55,92,50,15,87,11,43,56,95,37,53,94,18
23,20,40,80,31,42,39,50,71,50,71,66,56,55,26,17,71,12,7,84,41,65,99,57,39
23,21,40,43,32,19,11,55,91,26,56,92,75,96,21,42,11,5,21,95,85,5,12,13,63,87,59
23,21,67,40,65,98,12,1,98,90,30,3,49,2,48,90,96,83,30,76,21,3,77,34,74
23,59,51,57,89,93,78,25,85,64,18,8,40,90,5,67,77,35,91,36,1,97,27,97,58,80,67
23,64,91,70,14,14,12,46,12,88,36,51,49,5,0,5,58,51,83,32,39,38,89
23,73,33,77,0,83,75,16,52,83,30,70,77,49,91,72,61,57,75,85,12,57,54,9,45,41
24,41,0,75,84,14,7,77,83,0,79,53,93,93,85,69,69,90,88,26,92,53,83,30,9,99,35
24,79,10,17,69,1,59,55,57,83,56,71,27,41,47,81,55,29,51,83,4,67,17,55,57,42
25,20,63,76,22,61,95,66,28,95,89,89,82,80,10,41,72,80,28,20,79,86,99,26,71,27
25,35,1,56,2,73,21,52,19,38,50,51,6,76,43,14,55,97,87,79,27,3,28,65
25,40,74,18,13,96,78,71,65,40,96,84,78,48,86,67,55,71,52,67,13,98,99,56,39,78,19
25,72,88,66,47,88,54,65,9,15,43,48,30,57,20,90,80,91,10,21,57,1,20,9,19,30,49
25,88,42,2,55,8,69,87,47,8,61,92,73,73,36,63,72,16,93,22,76,19,72,3,57,96,42
26,13,65,82,4,43,53,1,94,68,29,19,74,35,66,46,86,39,88,1,5,27,53,1,66,42
26,21,36,65,96,18,90,54,93,74,57,31,45,69,51,19,59,44,15,12,84,56,61,91,73
26,38,67,72,33,15,86,13,70,64,33,94,34,2,53,36,52,7,12,3,50,29,38,30,21,3,49
26,99,93,48,58,58,2,47,81,28,93,73,35,88,10,72,0,71,1,46,67,69,10,87,10,71,35
27,98,78,11,77,6,68,21,72,45,6,18,39,11,19,90,96,88,51,43,80,73,51
28,5,20,49,80,78,14,31,2,26,51,66,22,97,46,38,10,21,93,91,84,51
28,30,31,76,59,75,47,57,34,40,48,17,95,52,99,49,36,15,35,88,93,12,12,48,35,58
28,37,50,33,35,34,83,18,34,95,17,46,85,4,26,40,64,33,72,0,55,53,98,81,65,19,32
29,11,38,95,52,7,98,99,41,14,61,61,41,78,76,62,83,57,1,21,52,39,11,19,35,45,36
29,11,56,48,70,26,99,44,64,1,42,27,51,83,74,95,8,93,63,31,81,98,36,45,2,20,42
29,13,83,24,60,11,85,86,6,25,80,18,57,82,7,41,40,14,11,29,78,18,19,89,23,36,81
29,28,46,20,86,20,56,20,42,37,98,70,75,80,86,23,71,7,60,10,60,12,88
29,58,31,21,39,93,4,54,50,61,8,55,9,38,34,97,68,74,76,52,22,50
29,62,91,91,15,60,25,89,15,64,33,84,30,93,7,89,93,69,59,73,80,78,56
29,97,68,91,52,80,68,29,54,97,58,29,49,71,78,2,11,96,74,18,11,65,59,26,70,7
30,17,92,37,31,52,36,46,47,66,23,41,82,0,36,80,50,57,57,26,79,94
30,26,16,17,98,21,68,19,62,25,22,63,47,37,64,15,46,43,5,4,80,11,72,9,78,98
30,60,9,40,6,95,48,63,65,23,78,4,5,64,38,3,28,73,56,12,91,43,0,8
30,62,70,56,98,79,91,83,31,48,80,78,80,18,10,34,47,81,17,40,31,77,6,73
30,87,82,61,24,32,60,13,7,74,42,62,31,4,74,5,41,88,73,55,20,49,99
31,7,49,12,19,57,60,41,83,60,37,99,13,79,26,64,14,53,11,75,46,26
31,16,71,72,37,26,10,21,21,3,98,32,49,1,48,3,54,46,69,50,91,35,72,43,49
31,30,60,52,0,16,85,97,91,31,42,30,70,81,2,26,67,38,73,84,56,23,67,30,63,24
31,37,49,98,37,23,14,29,54,5,10,60,22,37,14,68,61,80,24,92,56,27,58,33,11,77,98
31,53,83,79,44,49,76,13,99,58,3,0,21,34,62,6,15,18,67,20,33,42
31,67,71,13,50,94,17,46,80,16,74,40,7,26,54,21,24,78,63,97,86,23,38,49,35,39,98
31,90,4,78,68,52,14,18,89,63,67,96,15,61,91,58,16,76,70,10,17,56,20,3,24,89,80
31,97,85,76,56,62,4,91,75,31,37,52,21,10,96,38,31,7,56,12,58,54,93
32,17,77,39,37,26,38,17,54,48,31,46,35,44,61,4,95,10,86,71,92,29,63,33,97,98
32,18,1,10,56,21,82,42,36,21,7,6,37,40,0,72,94,5,8,98,65,72,54,15,53,92
32,32,38,86,28,31,73,12,97,69,53,48,19,72,96,7,7,52,95,83,69,9,42
32,52,16,69,90,12,46,73,29,83,82,75,50,47,97,83,56,79,65,6,55,30,29,83,24,65
32,72,97,68,29,37,36,57,11,46,92,37,37,78,57,41,8,17,31,73,90,38,95,91,38,20,2
33,15,38,18,76,22,93,90,80,19,75,47,85,78,13,90,72,11,67,74,7,70,52,82,57
33,16,32,82,39,8,68,61,73,88,72,11,40,51,46,30,61,27,22,90,24,48
33,27,5,95,31,2,70,69,37,77,35,52,0,43,94,70,12,9,50,6,17,62,46,49,23,90
33,34,70,83,97,86,87,41,49,2,67,61,4,74,80,89,3,90,67,41,6,48,39,78,83,47
33,40,38,45,0,14,44,66,81,50,90,13,32,15,72,18,5,38,55,15,81,71,29,32,69
33,44,13,36,2,50,84,74,8,81,8,57,76,3,24,30,79,37,16,70,19,48,52,77
33,69,43,16,1,7,96,16,25,29,7,60,46,85,97,65,24,82,33,89,54,61,87,80,51
34,37,65,64,2,43,5,24,91,29,25,50,59,89,51,16,50,58,46,68,48,78,83,6,4,19,59
34,42,7,36,8,99,9,7,83,29,42,36,73,49,73,90,19,36,33,44,98,8
34,66,31,87,13,54,74,38,3,81,73,58,20,48,94,40,97,40,37,15,1,2,12,23
34,69,13,67,11,86,52,27,82,90,58,81,91,76,44,74,94,78,8,90,0,71,10,6
34,86,28,18,27,3,11,65,96,0,32,95,27,5,67,29,81,87,46,16,88,54,20,59,27,67
35,24,16,38,5,48,74,62,80,91,12,81,43,21,92,14,93,11,38,34,35,92
35,50,60,13,55,91,46,99,4,82,2,6,19,28,15,0,37,72,28,40,48,58
35,55,3,88,45,61,90,13,21,20,76,90,84,7,70,24,87,57,29,29,84,49,32,35
35,62,68,45,68,62,29,75,52,26,34,51,55,87,33,82,25,92,16,77,55,42
35,75,25,90,40,15,5,40,25,8,92,17,16,6,63,36,10,52,0,3,50,50,57,58
36,12,81,47,19,46,25,88,30,24,31,31,3,5,67,26,60,10,32,46,37,33
36,19,28,35,66,83,8,88,27,34,69,95,63,21,63,41,63,64,96,99,34,15,11,19
36,33,42,8,83,52,22,32,53,21,37,64,80,71,30,70,80,71,70,83,14,6,29,84,55,17,59
36,39,33,27,24,49,24,12,43,65,29,33,95,50,80,28,72,76,14,29,81,48,91
36,43,53,64,42,20,87,42,45,75,27,71,22,95,2,25,6,92,10,16,25,67
36,57,35,33,51,5,97,95,32,86,79,1,29,71,31,41,50,8,65,90,81,11,55,38,24,97
36,69,76,4,76,84,24,20,29,75,24,68,69,33,47,8,1,2,45,46,97,63,89,54
37,14,82,83,50,98,88,6,72,16,57,50,87,39,94,22,77,82,55,41,34,58,44
38,39,32,21,56,45,25,27,78,33,85,81,63,62,71,80,5,84,55,84,61,32,75
38,93,77,8,5,78,5,48,20,48,53,86,75,58,19,56,9,79,72,23,60,14,32,16,14,34
39,11,34,50,49,38,23,30,20,1,54,84,55,7,62,79,96,25,70,56,13,9,22,76
39,48,61,39,2,55,95,27,93,27,70,3,57,1,0,27,47,10,41,40,29,62
39,64,62,75,75,40,79,74,18,97,8,26,79,96,4,96,91,29,82,41,84,44,79,74,34
39,80,62,54,28,54,92,74,2,44,14,73,5,15,34,93,28,7,30,75,31,69
39,94,32,61,47,70,92,76,18,41,60,50,88,16,96,65,28,65,32,82,54,3,26,44,77,95
39,97,34,97,59,12,48,69,68,89,80,34,74,32,12,36,77,27,1,61,98,99
40,43,0,61,34,92,47,15,32,22,93,30,55,87,50,11,9,21,74,65,37,21,12,51,88
40,45,52,29,0,77,46,50,6,65,12,38,20,47,47,32,59,92,67,90,66,82,98
40,86,40,23,24,20,96,75,35,30,23,59,66,54,91,44,61,1,70,49,87,36
40,93,26,82,26,40,17,92,72,56,57,78,31,95,81,12,68,39,84,68,85,76,17
41,11,51,33,2,86,30,67,10,49,32,41,86,62,55,62,93,57,43,25,58,83,14,80,34,89
41,53,99,96,30,33,70,42,88,74,40,45,45,13,24,36,26,19,76,4,16,15,24
41,60,77,45,36,99,86,57,81,80,81,11,17,73,85,5,26,79,0,93,8,6,62,26,50
41,96,2,24,36,10,88,70,63,56,19,18,48,27,50,67,21,53,28,33,96,13,79
42,16,95,0,8,15,54,15,88,10,1,84,87,79,12,94,48,80,4,93,98,33,52,76,70,41
42,30,70,23,68,20,8,55,6,91,73,41,86,90,39,24,95,65,64,59,50,88,11,6
42,80,18,46,65,86,79,29,54,18,9,86,22,11,92,38,76,30,36,17,46,20,18,4
42,93,88,66,66,80,9,99,0,72,6,43,98,62,35,73,58,8,68,21,13,41,17
42,97,71,0,32,56,92,28,6,31,32,45,10,81,42,44,14,54,88,51,23,86,69,61
43,14,78,41,64,91,42,69,77,89,44,13,51,5,28,95,40,84,33,96,86,93
43,20,81,57,51,64,70,55,64,86,40,61,77,72,55,60,94,89,14,20,8,52,94,92,8,69
43,35,61,64,46,4,48,33,15,75,93,60,12,4,68,70,70,41,15,29,28,38,12,22,72
43,56,18,12,72,43,59,82,88,84,34,97,37,64,98,44,41,96,80,4,16,59,6,10
43,75,66,20,47,36,87,39,15,12,91,94,57,55,98,14,73,78,54,50,18,36,77,47,20
43,84,60,77,71,17,3,41,4,95,53,34,83,27,85,78,6,83,90,33,58,40,61,13
43,84,91,44,18,41,21,34,68,15,20,46,82,73,43,63,4,14,7,34,74,68,31,80,71,34
43,94,15,91,43,22,49,47,17,90,49,0,24,77,46,51,13,18,98,64,88,88
43,95,28,9,74,43,40,94,59,80,2,89,32,58,54,70,37,64,7,89,11,52,17,40,95,92,28
44,34,29,53,46,19,75,16,27,96,65,75,92,83,70,25,88,0,23,12,95,7,67
44,38,10,86,12,65,64,1,78,44,38,6,78,5,1,76,1,0,83,51,91,46,91,34,10
44,42,45,76,67,43,96,96,80,84,53,44,83,45,81,20,23,90,13,83,60,44
44,74,58,66,94,50,31,81,76,46,81,68,48,88,18,85,2,67,48,65,20,67
44,79,75,48,46,6,37,58,93,69,99,35,29,79,13,73,82,71,21,56,9,5,82,78,74
45,9,60,98,43,99,34,19,24,76,11,39,82,51,16,90,96,85,7,54,48,95,64,0
45,19,25,7,98,49,94,56,18,48,29,17,51,74,86,48,54,55,17,41,11,47,34,12,51,51
45,63,17,5,58,47,47,11,23,4,55,94,4,99,67,8,21,25,82,22,78,50
45,67,85,24,92,83,60,47,38,0,45,51,91,58,25,63,34,15,99,93,85,23,81,43
45,75,90,39,9,69,96,56,52,51,26,22,88,55,57,40,56,53,86,26,65,47
45,84,16,53,56,22,76,51,77,71,29,92,83,38,88,80,12,51,3,51,28,32,61,98,70,32,31
45,84,78,79,38,83,43,24,23,83,76,46,75,70,59,50,44,65,77,15,6,20,32,9
45,88,42,41,17,90,78,20,47,33,70,43,34,5,53,82,62,7,58,85,3,94,62,38
46,4,39,78,60,47,17,23,65,41,70,1,27,34,78,0,83,98,79,41,57,24
46,32,26,89,72,2,22,93,9,76,24,32,65,67,55,52,9,34,75,32,36,39,45,30,92
46,42,69,73,60,17,2,83,81,93,5,47,59,18,94,71,58,82,75,59,40,75,64,50,26,99,82
46,63,44,61,1,73,93,5,94,89,71,90,60,77,17,58,2,93,63,4,48,17,63,99
46,66,79,57,62,76,11,35,51,36,24,51,3,91,25,77,53,84,79,97,78,64,0,35,80,30
46,78,75,65,83,1,38,19,66,34,37,8,40,82,34,97,66,79,18,69,99,30
46,81,16,10,20,75,65,63,20,5,81,87,86,42,38,38,67,44,33,65,6,21,91
47,15,23,99,24,36,85,26,47,68,78,50,10,90,33,10,32,56,76,43,33,71,6,13,11,51
47,15,43,29,24,94,64,25,43,98,50,69,25,76,70,36,15,30,25,90,90,45,17,43
47,25,89,11,19,9,36,6,91,75,75,86,60,72,96,93,45,20,11,5,33,33,69
47,35,9,94,61,36,43,71,65,80,49,66,44,4,85,75,6,13,90,92,60,72
47,52,40,19,9,1,8,36,13,73,37,47,72,87,79,20,88,77,21,59,68,29
47,74,74,48,9,29,85,78,49,12,55,66,30,49,28,63,34,94,30,68,43,51,59,22,82,57,72
47,79,67,44,63,15,17,21,18,35,66,56,70,10,37,32,7,55,39,43,13,83,82,13
48,2,42,4,25,85,31,43,58,78,79,45,70,46,9,13,92,19,69,91,33,94,21,87,44,92,76
48,5,40,40,46,98,68,90,99,59,25,52,39,99,85,98,97,20,33,8,98,34,53
48,26,95,65,64,13,34,31,71,65,65,80,55,65,24,31,86,35,11,76,74,78,6,92,70,53,40
49,2,4,29,84,18,75,43,42,47,35,9,1,15,7,91,34,71,53,21,9,60
49,33,73,73,75,73,1,11,39,8,88,22,8,68,75,53,13,13,74,82,55,62
49,34,27,28,44,26,2,88,37,31,84,74,81,39,92,60,98,59,49,68,24,93
49,34,49,25,16,27,93,85,26,67,53,97,29,78,19,44,78,8,8,45,6,3,2,62,83,65,86
49,54,58,3,43,40,50,31,82,28,46,26,36,72,95,51,18,89,37,62,89,46,93,1,74,18
50,10,66,55,68,40,32,99,99,51,18,73,89,48,63,98,56,93,11,73,14,61,82,76
50,11,83,52,3,90,60,83,0,90,71,65,11,76,43,10,80,40,45,14,72,91,73
50,16,60,29,10,17,64,31,27,88,28,87,53,42,27,68,51,51,86,12,80,97,27,24
50,24,6,77,75,34,18,41,18,89,73,34,81,98,57,23,13,27,82,46,58,61,55,83,40,8,64
50,34,56,42,24,29,96,81,73,39,26,49,6,21,98,54,54,82,7,98,65,4,31,38,79
50,77,52,43,30,79,13,43,22,7,10,13,51,84,63,50,53,5,99,53,29,28,99,32,41,69
51,6,36,48,20,6,44,82,96,43,94,67,54,76,12,34,39,30,32,82,58,13,30,21,46,26,53
51,18,85,32,48,53,41,16,32,88,35,78,14,11,87,69,98,82,27,73,54,37,51
51,43,89,83,75,93,0,96,83,64,95,9,94,30,91,21,81,91,18,16,47,49,82,53,5,64
51,57,84,24,68,4,53,34,44,85,48,50,13,55,42,88,9,39,2,82,96,18,16,90,98,75,20
51,60,25,22,75,53,13,45,97,9,7,39,33,68,79,41,61,84,88,96,14,43,56,64,93,65,41
51,63,33,96,24,84,30,80,78,55,9,74,36,34,65,14,36,23,36,34,77,42,68
52,16,49,3,92,7,32,67,42,2,60,60,91,33,46,25,83,3,48,48,30,82
52,51,1,44,97,55,60,37,79,45,89,54,66,53,86,81,30,58,55,41,1,2,27
53,1,5,20,36,1,58,99,87,71,64,4,72,42,0,63,1,78,20,2,55,74,54,90,25,45,88
53,27,27,72,52,50,53,78,87,63,75,98,73,6,89,50,4,26,52,63,58,41,8,58,45
53,40,94,25,82,75,74,68,20,0,26,38,95,29,21,76,57,67,10,26,68,50,96,53
53,73,11,71,82,94,46,33,54,63,98,78,45,59,62,27,14,81,7,1,82,48,60,47
54,8,26,7,80,36,13,50,69,29,82,4,21,42,24,34,15,12,58,27,5,9
54,12,66,79,22,68,61,34,77,1,41,24,1,56,42,76,34,98,82,51,36,85
54,27,44,19,20,55,22,53,58,9,36,77,71,37,61,65,75,23,20,37,16,77
54,36,30,94,36,42,26,63,92,56,26,69,14,94,42,86,91,0,57,31,11,28,73,59,16,76,3
54,38,29,11,84,93,49,96,63,72,62,34,98,50,50,28,32,30,86,17,16,55,68,13
54,39,95,16,21,71,65,28,62,88,38,21,77,98,42,32,14,31,80,66,72,76,17,30,48
54,44,80,29,29,88,30,6,10,79,28,71,60,7,79,61,9,55,41,59,96,97,53
54,52,98,5,71,21,78,38,13,43,88,78,97,39,68,27,42,69,29,42,11,25
54,54,65,78,34,27,74,91,45,38,15,40,97,49,29,33,35,78,71,0,28,15,41
54,55,72,4,86,96,24,26,76,7,69,15,58,92,18,29,59,26,36,37,44,60,1,51
55,4,18,75,63,38,30,86,82,97,12,35,53,31,66,87,88,65,38,54,4,32,24,10
55,12,76,24,21,77,29,23,0,61,49,53,88,66,19,6,14,91,41,15,53,48,65,33,39,48
55,18,13,30,87,0,40,5,2,47,59,52,68,7,86,2,68,11,12,44,2,23,87,92
55,24,19,77,58,28,49,10,75,36,72,22,97,8,65,68,25,97,17,43,94,74,28,21,80,94
55,37,23,95,43,42,47,41,60,82,88,53,83,78,40,83,39,68,65,89,36,93,42
55,91,98,68,75,54,1,68,12,7,70,40,42,73,29,34,67,52,10,28,95,34,51,52,12,3,30
55,94,39,27,62,12,80,61,89,21,24,8,83,61,66,26,36,41,12,96,66,60,89,63,81,1,20
56,12,38,81,84,28,69,61,0,44,80,68,72,61,33,17,76,97,5,56,92,56,8,6,65,51,78
56,55,87,17,12,78,46,66,31,30,36,11,72,71,10,84,90,92,14,14,33,93,98,98,50,40
56,71,1,14,44,33,75,2,14,30,70,75,22,15,34,51,38,73,17,48,7,60
56,79,58,30,36,65,69,5,78,99,52,44,83,34,80,46,6,4,56,42,46,0,57,61
56,81,71,27,0,98,98,74,11,14,91,31,76,71,21,95,9,57,13,63,69,36,24,74,15,85,47
56,89,58,66,33,0,26,62,45,62,13,84,71,46,64,52,57,81,78,95,87,4
56,91,31,81,15,71,47,62,11,54,28,20,21,71,20,52,80,40,94,60,84,4
57,0,55,34,28,12,7,20,58,63,11,88,76,10,58,99,27,51,70,28,31,56
57,22,84,34,69,81,26,28,37,81,16,96,91,69,37,87,1,0,26,30,53,32,48,55,87,99
57,59,16,71,70,27,98,54,34,45,32,91,97,20,67,43,10,52,27,20,21,8,51,69,39,92,86
57,64,43,89,79,60,23,85,77,58,93,46,95,27,25,97,65,12,53,81,9,12,47,60,90,39,40
57,68,27,95,66,94,26,24,8,55,87,95,6,23,20,57,78,63,35,55,68,19,87,18
58,1,48,11,62,31,10,68,91,81,97,94,48,84,90,7,66,84,34,42,29,73,43,79,51
58,27,32,55,94,78,56,52,35,76,45,90,33,32,10,69,81,78,95,31,41,17,37,96,84
58,45,24,0,56,1,78,49,54,77,97,84,10,68,78,50,94,70,48,92,83,24,80
58,58,71,12,8,48,16,4,31,95,17,26,17,25,36,83,28,73,46,78,26,3,29
58,59,24,55,79,76,23,58,93,54,88,91,22,61,41,6,28,64,29,38,32,76,74,72,50
58,67,29,11,20,95,54,84,7,9,16,86,90,61,77,5,62,64,74,17,97,63,52,49
58,95,73,99,27,76,90,94,54,2,16,21,70,59,60,96,40,42,69,29,16,91,44,20
59,16,65,72,82,9,84,82,54,19,28,35,48,88,59,13,42,80,77,90,99,8
59,40,79,85,39,73,34,49,83,88,48,65,16,42,38,4,30,49,28,82,72,30,28,39,99,38
59,55,65,26,17,31,99,43,1,26,73,84,23,3,42,6,34,27,49,43,83,47,75,72,52,14,2
59,56,77,28,99,21,48,50,3,55,30,17,64,7,41,67,10,17,50,88,84,28,25,5,21,30
59,65,1,95,14,94,90,67,55,77,11,3,92,44,77,85,26,84,72,76,48,81
59,86,4,72,81,29,26,72,64,54,52,26,24,37,62,39,8,88,38,14,63,31,62,30,16,53,43
60,16,60,74,49,11,37,7,22,92,27,76,72,90,15,76,69,63,78,14,36,61,64
60,78,88,85,2,60,70,15,59,83,68,87,62,92,70,10,20,75,10,65,68,71
60,94,24,67,48,75,10,32,35,40,3,4,43,96,8,38,2,42,22,29,80,52
61,2,15,74,7,14,67,21,83,83,15,1,7,48,11,23,78,7,44,97,44,39,68,69,56
61,13,60,47,93,42,78,69,1,6,16,58,92,9,6,9,4,10,60,5,46,75,40,86,20,53
61,52,45,75,86,82,55,66,63,23,8,42,18,17,14,28,93,56,11,88,32,61,92,79,22,85,9
61,93,91,52,89,44,60,23,98,24,41,29,98,9,90,33,39,44,26,15,97,82,57,74,68,55,56
61,99,12,53,75,27,24,31,48,75,53,48,45,93,60,73,45,60,36,1,49,90,11
62,0,17,81,74,3,39,44,69,13,8,71,59,0,61,18,28,59,18,82,92,88,84,88,79,48,77
62,16,41,34,34,42,54,56,87,66,86,89,26,75,77,4,33,95,12,89,32,47
62,25,55,24,87,21,44,8,80,91,66,29,64,63,28,72,95,28,93,44,17,4,49,41
62,39,7,81,71,73,75,2,43,50,22,16,10,77,22,53,3,15,92,93,54,16
62,52,4,79,30,22,64,60,41,61,14,68,2,13,68,74,86,61,15,55,78,13
62,55,0,50,4,89,67,6,10,53,37,23,76,46,23,69,62,22,93,24,9,13
62,70,96,62,90,98,60,19,59,29,93,80,11,17,45,43,76,81,48,63,81,43,80,84,55,39
62,79,40,17,93,50,70,93,13,32,24,76,52,67,57,2,13,57,86,55,64,4,39,50,46
63,47,10,51,52,92,8,14,94,20,51,37,12,93,98,98,1,8,68,88,98,90,1,34
63,72,26,85,0,19,22,59,79,64,12,18,94,77,43,26,91,7,33,87,94,89,38,14,4,96,49
63,74,16,74,49,14,52,7,93,76,49,69,55,15,88,47,12,67,41,22,16,91,93
63,94,20,73,34,82,86,69,42,33,45,10,33,72,72,66,8,12,21,64,8,70,73,98,72,67,20
64,35,56,29,3,79,20,21,10,48,93,43,66,75,29,96,36,55,64,0,41,2,31,87,23,30,24
64,53,18,36,20,98,89,12,92,14,46,19,88,14,91,89,93,30,36,74,3,12,31
64,55,98,31,36,7,84,74,86,74,72,9,89,65,60,40,91,9,6,72,3,77,42
65,14,64,11,77,88,17,13,72,26,76,75,64,98,59,51,30,70,26,38,55,46,54,5,87,95
65,32,78,19,97,53,74,89,47,0,72,73,93,41,17,65,97,26,43,28,21,76,92,41,67
65,33,5,17,83,8,17,36,82,78,50,37,87,55,64,44,7,13,99,26,40,80,15,12,44
65,36,60,47,45,47,56,36,29,71,89,90,92,37,71,7,25,34,6,81,75,20,14,43,40,24
65,50,77,67,62,80,55,83,8,59,59,93,35,31,74,62,56,94,84,89,94,92,42,96
65,51,21,99,67,85,36,88,26,6,42,82,2,54,33,39,5,85,32,44,17,17,85,12,96
65,53,36,71,26,94,92,7,95,85,85,59,60,77,46,44,67,12,20,41,9,96,96,88,4
65,96,41,51,98,66,96,88,83,55,36,24,17,13,59,91,16,92,83,11,29,94
65,96,56,36,70,3,85,29,49,13,12,23,70,87,19,95,96,62,10,0,77,40,10,15,51,58,18
66,19,59,13,70,78,39,1,9,92,36,40,88,86,16,1,37,26,56,37,47,91,52,5,58,22
66,31,75,19,33,18,30,85,30,9,74,15,63,34,86,79,46,21,47,85,83,92,7
66,39,7,58,82,3,47,74,0,51,56,0,80,2,51,87,20,15,77,40,63,24,72,22,68
66,42,18,49,32,74,27,52,79,94,22,20,57,90,17,72,51,60,82,20,36,53
66,54,72,80,29,72,7,86,90,66,37,10,42,64,61,51,98,4,88,50,53,10
66,59,51,67,24,75,51,9,82,42,37,0,97,70,55,79,77,32,60,8,24,99
66,66,13,58,64,35,83,99,89,91,1,62,64,6,33,2,8,84,61,85,27,27,40,76,14,71
66,79,10,47,90,49,42,43,8,40,94,49,6,7,11,0,85,87,14,20,97,15,94
66,83,13,6,38,97,13,29,26,76,13,72,25,61,35,50,76,21,0,26,71,28,10,1,14,28
66,92,12,97,92,89,82,21,4,25,13,19,85,90,8,0,54,93,36,36,38,44
66,94,98,75,7,41,0,98,87,78,73,4,61,26,94,32,92,28,69,53,68,4,87
67,28,9,1,38,27,90,98,22,63,41,51,50,74,49,14,81,41,19,69,57,0,4,6,58,52,97
67,50,75,75,31,46,54,31,97,5,57,60,19,48,43,95,19,64,90,81,74,4,96,43
67,58,79,82,9,90,0,43,76,21,11,27,38,87,15,78,66,40,47,47,30,28,51
67,72,98,16,81,40,62,30,57,15,87,75,70,43,66,52,32,5,56,25,48,21,59,41,61
68,3,22,43,15,74,1,56,19,31,81,5,47,51,13,87,41,70,6,18,5,97,6,58,46
68,6,1,31,71,89,43,70,35,90,79,23,71,50,64,13,94,1,84,53,78,70,60
68,70,45,12,30,49,8,89,36,25,58,17,56,4,85,35,91,72,9,54,7,58,85,32
69,41,84,48,20,6,87,61,54,44,74,76,9,13,34,93,39,41,64,16,10,78,72
69,49,95,66,8,88,62,90,62,94,27,95,56,4,37,85,66,45,52,44,76,62,95
69,61,37,52,72,50,80,73,61,42,27,37,70,70,54,16,8,16,69,44,89,24
69,72,22,5,26,88,18,35,96,88,98,61,42,30,56,61,37,90,36,33,30,7,38,92,61,27,78
69,80,48,93,78,64,23,40,34,32,38,14,75,22,97,24,54,27,56,73,37,42,72,70
69,99,21,47,18,88,12,28,52,48,11,4,37,54,57,51,18,15,36,72,24,20
70,29,26,37,9,96,59,58,79,91,25,98,37,50,7,79,89,45,0,3,96,93,95,60,25
70,34,97,98,49,51,13,1,70,92,7,84,29,90,89,95,97,44,20,46,3,65,93,72,5,61
70,67,88,39,66,70,53,84,64,3,59,72,96,59,70,83,37,95,39,50,21,33,82
70,73,11,63,33,30,24,25,86,60,90,76,25,60,1,18,46,78,46,15,26,51
71,25,44,95,31,46,80,19,72,97,21,15,82,72,69,27,32,7,27,16,23,17,46,21,67,58
72,22,92,74,29,68,29,52,16,25,42,49,55,83,70,66,12,33,54,22,87,48,28,16
72,24,2,33,35,51,73,82,4,44,9,87,31,10,97,41,91,56,73,41,19,53,37,95,91,40
72,30,80,61,10,86,46,59,0,80,2,31,50,93,67,70,71,85,3,62,92,73,4,8
72,32,0,22,21,63,80,63,25,19,22,58,43,47,86,97,43,36,19,59,47,48
72,33,16,44,85,30,99,1,18,63,83,66,82,81,43,70,11,68,53,94,23,10,14,49,23
72,44,37,25,63,57,97,13,73,30,53,87,60,63,2,47,38,72,42,57,77,74,14,33,51,62
72,54,35,32,9,11,3,86,69,83,87,32,59,23,56,33,20,16,50,89,41,47,58,36,41
72,59,38,91,46,56,40,49,74,77,33,74,82,74,43,15,62,78,93,29,89,80,50
72,63,49,48,97,87,29,67,15,32,79,32,80,31,17,75,58,22,94,39,55,33
73,49,6,83,3,39,74,36,68,97,45,97,66,61,12,97,22,1,28,18,19,90,80
73,56,63,29,72,3,49,65,24,84,48,65,37,85,5,10,32,60,71,46,4,57
73,71,38,35,77,71,75,67,16,27,81,13,93,14,63,36,28,95,51,0,13,56,91,20,24,24,91
74,9,91,25,6,96,30,22,49,0,58,21,98,47,33,42,13,80,61,1,46,53,42,39,35
74,58,65,51,72,60,68,63,95,94,28,64,13,22,54,81,63,58,9,93,29,28,85,41,26,76
74,83,30,0,77,95,51,50,46,70,35,83,11,61,41,53,96,96,59,81,87,64
74,83,53,33,80,9,37,73,26,18,3,48,27,60,94,39,72,94,30,70,56,48,67,96
74,84,3,38,19,11,20,74,90,40,96,1,88,89,96,6,16,77,55,53,84,19
75,12,12,1,82,99,98,32,48,49,46,49,71,90,8,55,19,98,96,14,48,92,86
75,23,50,92,34,87,65,51,39,75,1,37,45,86,87,37,4,43,2,11,14,48,41,68,15,51,92
75,33,55,49,25,22,48,21,9,29,27,7,1,2,24,28,98,89,3,42,24,25,19,65,26,94,77
75,41,70,74,41,48,77,50,60,10,54,10,95,84,48,81,0,36,27,81,23,95,31,48,42,15,0
75,47,46,33,79,65,86,90,73,7,24,67,95,97,26,53,35,18,6,59,65,11,19
75,59,5,63,93,76,96,55,72,58,30,51,96,69,93,20,94,41,70,99,60,29,86,86,77,13
75,70,46,84,82,84,65,18,64,34,31,64,31,11,85,55,25,18,24,1,67,30,9,60,38
76,40,66,83,19,79,16,92,25,70,42,63,70,58,81,31,27,56,72,78,53,81,90,92,51
76,57,14,39,87,12,15,69,99,97,30,75,81,42,40,89,16,82,3,99,39,77
76,62,2,63,52,19,79,6,62,84,30,5,14,7,55,25,97,58,93,47,17,39,15,65,18,51,23
76,73,77,94,90,66,40,32,1,16,0,91,21,49,65,35,81,9,47,14,52,20,6,19,66,69,57
76,88,36,84,22,28,52,19,80,84,3,26,85,8,64,58,75,96,48,31,51,48,52,15,79
76,91,17,44,96,62,41,71,61,88,56,41,5,95,83,30,54,59,98,50,57,76,3,92,95
77,20,76,96,35,33,13,49,39,15,12,4,66,10,48,99,33,5,14,59,47,42
77,27,35,61,75,94,76,38,20,44,65,21,58,17,28,51,46,29,73,53,96,61,0,9,80
77,32,80,14,74,58,43,88,87,48,9,88,80,39,2,63,42,28,14,8,2,63,6,41,73,27
77,86,96,89,67,43,24,0,75,15,86,55,46,59,67,95,81,73,95,0,45,92,60
77,90,64,70,57,93,48,37,17,31,63,64,31,59,63,71,2,14,61,35,50,7,12
77,98,18,88,51,67,29,67,74,79,98,10,38,34,84,24,8,8,33,50,73,45
78,7,67,19,73,86,78,38,8,56,77,61,17,21,98,57,9,36,25,11,73,51,19
78,29,15,85,20,65,5,47,20,59,15,84,66,37,24,60,10,5,46,29,58,57,9,5,91,60
78,48,83,74,59,92,4,87,43,25,36,93,80,43,24,49,7,83,43,27,93,60,77,34
78,90,53,76,5,91,19,47,92,21,4,22,58,22,49,53,16,96,88,25,49,55,85,92,90
79,24,42,24,26,14,19,92,45,26,41,58,97,50,70,38,85,82,28,84,47,59
79,45,23,53,95,49,90,2,38,14,97,81,8,45,74,68,79,63,73,14,93,65
79,63,65,81,91,35,17,26,37,66,86,84,68,65,20,27,46,26,38,60,7,55,92,1
79,98,95,84,51,0,5,40,1,63,39,41,86,55,97,59,49,97,74,2,27,94,56,34
80,10,44,62,75,79,86,87,90,72,73,48,49,53,66,7,87,26,48,27,40,12,56,18
80,55,16,61,92,45,7,76,23,38,66,58,82,91,81,65,67,80,40,89,39,42
81,6,31,14,74,46,0,66,88,57,1,17,51,81,76,54,18,12,15,4,69,72,95,16,8,44,31
81,43,91,30,70,38,47,86,51,33,69,74,98,34,55,54,99,31,37,37,18,0,65,92,78,72
81,55,80,14,56,77,72,3,2,24,31,78,14,25,84,69,93,5,91,4,17,87
81,59,5,87,50,97,31,34,27,61,74,19,52,77,94,98,58,0,64,94,26,14,82,18,70,99,17
82,15,75,22,20,79,96,73,69,4,96,94,61,6,6,7,69,73,72,93,96,64,50
82,37,55,38,94,27,49,94,76,46,43,54,40,50,5,90,20,37,12,46,70,51,45
82,40,68,44,52,32,32,94,49,4,37,73,15,80,37,56,3,48,68,64,31,85,45,56,43,76
82,42,24,78,36,40,74,88,0,41,43,15,29,5,68,65,92,48,78,39,48,10
82,61,45,6,72,20,40,15,54,79,98,90,67,11,9,35,38,55,73,17,30,6,46,63,38,91
83,22,52,95,34,98,28,60,39,52,62,14,45,23,90,21,56,7,40,63,60,1,97,87,33,85
83,39,57,62,80,66,38,17,23,91,72,57,19,84,16,92,94,32,3,35,8,66,45
83,48,53,98,35,29,13,12,36,37,99,10,81,59,90,24,78,71,88,41,0,60,36,28,5
83,65,85,57,45,15,65,70,33,57,82,30,49,24,64,71,28,42,36,47,27,26,7
83,74,89,18,53,92,37,96,62,51,85,14,23,35,47,48,97,89,28,86,59,98,40,27,6,8,48
83,97,64,24,66,13,31,37,78,61,24,78,2,81,32,1,40,36,69,99,75,24,68,86,36
83,99,5,60,18,77,51,67,35,43,7,81,94,75,24,45,87,1,97,78,0,83,28,97,3
84,27,75,5,44,66,76,33,46,42,53,48,50,32,17,61,47,91,70,56,77,80,85,21,40,47,59
84,57,31,17,98,1,0,8,59,71,72,67,71,89,71,2,36,41,28,54,66,17,37,46
84,86,63,73,22,8,15,63,40,12,38,45,59,87,36,62,77,50,11,59,10,8,85,30
85,48,7,49,36,79,29,72,60,82,4,34,13,78,24,13,62,59,66,35,11,50,71,31,66,67
85,48,97,7,52,42,42,43,55,33,60,41,41,86,10,86,67,69,25,76,77,10
85,58,8,90,1,87,29,64,73,80,14,63,55,44,35,56,99,20,63,58,82,95,6,59
85,74,41,4,75,45,33,89,80,35,49,93,90,40,91,42,45,26,96,3,45,24,18,97,61,42,25
85,80,28,80,15,42,27,95,9,72,10,24,89,31,95,76,98,3,46,60,41,78,20,48,17
85,81,99,36,81,87,94,25,81,87,54,91,75,99,55,22,93,86,43,16,25,76,37,2,6
86,4,31,97,82,53,57,26,9,7,71,88,87,13,86,10,59,17,49,83,2,37
86,6,70,14,74,12,2,93,92,38,59,75,46,48,54,80,17,49,96,91,64,37,6,28,85
86,21,67,51,17,76,87,87,79,73,17,29,38,81,4,8,68,23,4,16,37,66
86,56,9,9,11,83,54,25,79,68,56,20,84,99,14,53,29,55,98,42,58,3,70,54
86,89,7,41,36,98,20,50,10,52,11,99,26,36,60,9,97,26,35,33,20,0,81,38
87,23,52,9,13,28,10,49,35,70,28,42,2,64,55,52,86,36,34,42,9,76,18,95,44,31,53
87,39,21,44,12,12,92,38,47,27,30,98,60,74,97,27,37,24,86,61,63,2
87,89,47,56,13,70,13,39,58,31,74,55,71,25,68,14,55,25,27,45,67,63,30,97
88,6,44,41,93,77,10,36,45,63,95,41,79,20,23,39,81,69,24,30,86,0,12,72,42
88,15,96,75,38,0,37,3,81,99,4,16,69,32,10,72,49,17,24,35,5,59,29,15,87
88,22,26,97,33,94,68,56,21,19,10,56,64,95,47,13,15,66,56,77,19,35
88,68,3,38,84,95,41,77,11,46,50,63,54,1,98,14,96,93,65,22,99,14,41,49,19,34,40
88,88,51,71,91,94,12,75,22,6,27,70,41,91,65,50,85,48,94,58,29,85
89,21,96,72,49,7,29,12,0,5,8,55,29,18,37,80,15,58,25,35,52,67,5,51
89,23,0,36,18,69,61,78,38,15,13,20,8,71,19,67,41,65,91,99,0,66,58,40,93,74,90
89,60,95,20,43,28,35,33,46,63,55,92,53,36,63,28,35,49,58,48,39,30,59,6
89,74,41,38,41,89,15,98,74,73,72,2,75,68,65,83,1,56,52,71,73,47,59,92,43,79
89,84,5,3,13,60,95,61,76,16,84,41,97,47,81,87,20,58,86,62,43,52
90,4,83,29,94,28,6,3,85,84,8,85,57,57,39,95,84,97,14,92,58,45
90,19,89,28,66,68,2,56,27,69,58,63,22,9,56,86,10,29,91,8,10,38,39,27,38
90,30,62,53,61,21,96,28,15,88,63,47,4,89,14,81,15,19,10,38,76,30,20
90,57,64,12,41,96,21,79,62,55,14,12,53,2,70,78,70,80,28,57,19,22,32,48,5,87
90,94,49,17,52,57,66,3,55,91,82,89,38,51,41,91,65,34,92,40,79,79,30,47,1
91,32,35,11,27,7,92,36,11,56,6,66,73,93,59,34,22,31,42,34,77,83,48,97,91
91,45,85,5,88,42,22,52,83,70,74,14,32,29,28,96,35,82,18,13,52,98,41
91,61,90,16,34,56,74,68,93,29,7,39,9,8,33,85,54,28,91,94,78,96,84
91,83,26,65,17,67,94,38,68,89,4,76,77,18,18,92,12,46,39,21,2,29,6
91,83,76,28,9,69,85,84,15,18,25,47,6,75,93,96,15,84,38,12,10,34,16
91,93,51,52,38,42,56,27,86,68,2,37,92,43,66,91,5,9,76,96,53,2,11
92,21,99,32,20,83,0,91,7,37,17,69,11,90,73,61,75,22,14,23,78,68,21,99,18
92,79,24,52,26,93,12,52,5,18,80,39,24,88,82,75,76,83,10,49,30,54,55
93,12,86,12,17,71,14,71,25,36,63,78,81,80,57,85,86,69,99,44,99,98,70,6,88,3
93,24,32,44,85,62,49,58,73,20,92,68,67,25,74,82,24,52,27,35,14,7,49,96
93,57,53,2,76,35,51,88,91,94,71,24,9,42,24,71,5,78,51,78,99,75,98
93,70,69,81,95,89,44,71,63,57,18,29,86,65,71,27,0,51,38,93,23,70
93,96,29,74,79,85,33,62,77,90,76,9,56,67,26,31,58,51,40,29,87,57,21,34,41
94,87,15,8,19,1,49,75,56,76,71,27,97,27,1,2,37,10,90,14,34,27
95,14,27,3,26,68,72,70,69,58,49,97,2,76,51,91,65,83,27,92,64,19,84,77,17
95,49,59,94,76,30,73,4,75,44,25,56,91,14,52,15,78,10,85,59,48,51,30,75,3
95,91,20,48,94,22,45,15,26,27,70,93,82,0,20,56,44,88,43,79,1,90,0,50
95,97,92,6,4,55,88,58,9,53,89,96,80,63,39,77,1,54,18,50,55,99,84,90,29,7
96,7,87,17,68,29,78,46,67,27,87,35,22,11,35,49,78,73,56,77,84,75,72,17
96,22,94,45,39,86,87,19,56,85,36,95,65,65,49,83,74,88,5,85,80,95,13
97,15,69,8,14,17,42,67,69,43,11,66,50,24,3,82,69,45,36,35,50,74,68,80
97,27,15,94,41,46,67,90,81,41,87,47,98,84,5,2,30,88,43,39,59,5,63,38,39,53
97,37,65,1,21,34,31,61,23,9,99,40,64,47,72,10,34,68,23,90,15,33,29,38,77,58
97,62,34,91,31,69,91,36,68,26,18,81,38,54,70,90,16,51,1,6,27,79,30
97,83,22,97,65,56,44,6,52,46,30,40,57,71,10,72,27,82,90,28,61,92,47
97,83,48,73,58,51,17,93,38,83,44,29,10,97,66,7,83,5,44,39,0,46,2,15,46,43,35
97,87,4,39,78,96,45,82,33,59,43,85,69,46,17,86,71,86,85,7,0,79
97,91,42,91,53,13,27,4,81,80,99,59,16,62,29,90,9,3,0,2,76,76,70,90
98,16,40,50,40,64,5,73,0,56,98,34,60,43,95,99,26,6,49,67,97,5,92,39,76,97,76
98,73,27,81,47,69,52,53,61,41,49,23,92,34,90,68,22,37,68,71,78,96
98,83,98,82,48,12,47,11,90,35,28,3,60,6,31,35,70,29,46,73,11,68,99,49,23,98
99,1,74,9,62,55,57,5,75,57,51,49,2,67,75,29,89,20,63,89,92,20,86,32
99,2,98,19,91,15,48,23,61,87,38,69,7,40,70,34,48,98,6,27,95,85,28,50,22,91,40
99,14,28,25,6,54,95,19,50,73,90,15,13,38,51,44,39,37,11,94,60,15
99,28,33,80,67,62,38,21,25,46,21,27,50,10,95,8,72,0,45,96,77,44,19
99,74,86,1,45,63,98,41,95,44,73,66,68,70,88,83,5,12,52,32,97,11,59,13
99,84,54,72,61,24,18,24,68,32,78,42,77,83,88,18,54,78,78,31,47,88,85
